Time,Channel A
(s),(mV)

0.00000000,-56.18457000
0.00033334,-47.24265000
0.00066669,-16.41896000
0.00100003,-1.96844400
0.00133338,7.70592300
0.00166672,29.66399000
0.00200006,40.00977000
0.00233341,45.35051000
0.00266675,32.99051000
0.00300010,30.48799000
0.00333344,37.75139000
0.00366678,34.40962000
0.00400013,38.42280000
0.00433347,33.34147000
0.00466682,32.79214000
0.00500016,18.67733000
0.00533350,6.82088700
0.00566685,-15.10666000
0.00600019,-35.88977000
0.00633354,-45.48784000
0.00666688,-60.01465000
0.00700022,-64.05834000
0.00733357,-61.31168000
0.00766691,-74.38886000
0.00800026,-75.22812000
0.00833360,-70.07050000
0.00866694,-78.95138000
0.00900029,-63.47850000
0.00933363,-57.74102000
0.00966698,-50.61494000
0.01000032,-50.15717000
0.01033366,-30.99154000
0.01066701,-6.10370200
0.01100035,7.23288600
0.01133370,8.17896000
0.01166704,24.44532000
0.01200038,34.57747000
0.01233373,34.68428000
0.01266707,22.78207000
0.01300042,38.48384000
0.01333376,29.99969000
0.01366710,38.36176000
0.01400045,32.91421000
0.01433379,26.30695000
0.01466714,15.13718000
0.01500048,6.79036800
0.01533382,-8.31629300
0.01566717,-21.66814000
0.01600051,-31.37303000
0.01633386,-44.81643000
0.01666720,-64.02782000
0.01700054,-84.53626000
0.01733389,-82.00323000
0.01766723,-74.98397000
0.01800058,-84.07848000
0.01833392,-90.41108000
0.01866726,-80.50783000
0.01900061,-80.06531000
0.01933395,-94.53107000
0.01966730,-82.12530000
0.02000064,-67.88842000
0.02033398,-54.96383000
0.02066733,-46.26606000
0.02100067,-33.57036000
0.02133402,1.35807400
0.02166736,15.44236000
0.02200070,15.41185000
0.02233405,37.09525000
0.02266739,48.32606000
0.02300074,35.14206000
0.02333408,40.10132000
0.02366742,38.23969000
0.02400077,51.77465000
0.02433411,34.34858000
0.02466746,21.60710000
0.02500080,4.37940600
0.02533414,-9.52177400
0.02566749,-15.68651000
0.02600083,-30.27436000
0.02633418,-49.27213000
0.02666752,-57.63420000
0.02700086,-75.15182000
0.02733421,-72.32886000
0.02766755,-81.95745000
0.02800090,-62.70028000
0.02833424,-82.61359000
0.02866758,-64.36353000
0.02900093,-71.35227000
0.02933427,-68.39198000
0.02966762,-51.57627000
0.03000096,-37.09525000
0.03033430,-35.44725000
0.03066765,-22.64473000
0.03100099,-18.05170000
0.03133434,-4.95925800
0.03166768,15.41185000
0.03200103,24.26221000
0.03233437,41.19999000
0.03266771,35.00473000
0.03300106,29.95392000
0.03333440,46.63228000
0.03366775,32.51747000
0.03400109,42.81747000
0.03433443,37.70562000
0.03466778,22.40059000
0.03500112,6.95822000
0.03533447,-8.68251500
0.03566781,-18.15851000
0.03600115,-31.58666000
0.03633450,-51.33213000
0.03666784,-60.77761000
0.03700119,-59.14487000
0.03733453,-71.73376000
0.03766787,-84.17004000
0.03800122,-95.33981000
0.03833456,-86.67256000
0.03866791,-104.31230000
0.03900125,-85.37553000
0.03933459,-71.99316000
0.03966794,-72.93923000
0.04000128,-69.21598000
0.04033463,-53.49894000
0.04066797,-29.16043000
0.04100131,-3.87585000
0.04133466,22.35481000
0.04166800,39.13999000
0.04200135,40.10132000
0.04233469,34.62325000
0.04266803,24.46058000
0.04300138,38.27021000
0.04333472,33.14310000
0.04366807,52.52235000
0.04400141,31.57140000
0.04433475,32.50221000
0.04466810,42.81747000
0.04500144,24.71999000
0.04533479,2.68562900
0.04566813,-18.18903000
0.04600147,-34.76058000
0.04633482,-42.92428000
0.04666816,-60.62502000
0.04700151,-70.03998000
0.04733485,-66.60664000
0.04766819,-71.96265000
0.04800154,-73.21390000
0.04833488,-71.10812000
0.04866823,-71.67272000
0.04900157,-57.80206000
0.04933491,-79.27183000
0.04966826,-69.75005000
0.05000160,-58.83968000
0.05033495,-41.50517000
0.05066829,-21.50029000
0.05100163,-7.88903400
0.05133498,8.71303500
0.05166832,11.96325000
0.05200167,12.29896000
0.05233501,24.17066000
0.05266835,36.82058000
0.05300170,46.81539000
0.05333504,34.48591000
0.05366839,43.88562000
0.05400173,37.96502000
0.05433507,31.34251000
0.05466842,13.84014000
0.05500176,6.79036800
0.05533511,-15.39659000
0.05566845,-25.86444000
0.05600179,-46.25080000
0.05633514,-52.00354000
0.05666848,-67.04916000
0.05700183,-73.24442000
0.05733517,-80.84353000
0.05766851,-83.19345000
0.05800186,-78.76827000
0.05833520,-95.12619000
0.05866855,-75.70116000
0.05900189,-97.32352000
0.05933523,-90.48738000
0.05966858,-83.33078000
0.06000192,-69.06339000
0.06033527,-56.52028000
0.06066861,-36.98843000
0.06100195,-20.58473000
0.06133530,-3.31125800
0.06166864,3.00607300
0.06200199,18.87570000
0.06233533,23.95703000
0.06266867,47.07480000
0.06300202,35.67614000
0.06333536,43.38206000
0.06366871,41.26102000
0.06400205,43.58043000
0.06433539,41.93243000
0.06466874,27.26829000
0.06500208,11.29185000
0.06533543,-9.94903400
0.06566877,-22.06488000
0.06600211,-39.29258000
0.06633546,-43.10739000
0.06666880,-57.63420000
0.06700215,-64.94338000
0.06733549,-71.64220000
0.06766883,-76.02160000
0.06800218,-73.83952000
0.06833552,-70.17731000
0.06866887,-70.10101000
0.06900221,-76.60146000
0.06933555,-70.17731000
0.06966890,-53.77361000
0.07000224,-48.76858000
0.07033559,-42.89376000
0.07066893,-16.78518000
0.07100227,-15.16770000
0.07133562,-8.57570100
0.07166896,17.83807000
0.07200231,11.56651000
0.07233565,25.36088000
0.07266899,42.97006000
0.07300234,37.69036000
0.07333568,33.02102000
0.07366903,36.80532000
0.07400237,35.78295000
0.07433571,34.59273000
0.07466906,26.27643000
0.07500240,7.44651600
0.07533575,-10.83407000
0.07566909,-30.41169000
0.07600243,-46.29657000
0.07633578,-54.85702000
0.07666912,-64.80605000
0.07700247,-60.60975000
0.07733581,-78.34101000
0.07766915,-81.46916000
0.07800250,-78.84457000
0.07833584,-92.36426000
0.07866919,-79.86694000
0.07900253,-96.62160000
0.07933587,-71.09286000
0.07966922,-70.07050000
0.08000256,-52.09509000
0.08033591,-41.93243000
0.08066925,-26.65792000
0.08100259,-23.30088000
0.08133594,-3.72325800
0.08166928,13.68755000
0.08200263,18.05170000
0.08233597,38.94162000
0.08266931,42.89376000
0.08300266,33.43303000
0.08333600,45.33524000
0.08366935,27.78710000
0.08400269,38.66695000
0.08433603,41.61198000
0.08466938,35.20310000
0.08500272,16.89199000
0.08533607,12.17688000
0.08566941,-4.48622100
0.08600275,-22.09540000
0.08633610,-28.85525000
0.08666944,-40.94057000
0.08700279,-58.90072000
0.08733613,-72.83241000
0.08766947,-69.56694000
0.08800282,-72.32886000
0.08833616,-58.94650000
0.08866951,-71.94739000
0.08900285,-61.37272000
0.08933619,-73.15286000
0.08966954,-73.59538000
0.09000288,-53.39213000
0.09033623,-47.16635000
0.09066957,-34.82162000
0.09100291,-7.44651600
0.09133626,11.06296000
0.09166960,17.30400000
0.09200295,15.64073000
0.09233629,26.41377000
0.09266964,45.60991000
0.09300298,29.60295000
0.09333632,35.09629000
0.09366967,33.14310000
0.09400301,35.81347000
0.09433636,35.79821000
0.09466970,25.63555000
0.09500304,16.49525000
0.09533639,1.49540700
0.09566973,-20.37111000
0.09600308,-26.64266000
0.09633642,-37.75139000
0.09666976,-49.89776000
0.09700311,-62.34931000
0.09733645,-66.48457000
0.09766980,-79.08871000
0.09800314,-90.99094000
0.09833648,-91.54026000
0.09866983,-81.56071000
0.09900317,-85.98589000
0.09933652,-84.91775000
0.09966986,-67.14072000
0.10000320,-64.68398000
0.10033655,-50.35554000
0.10066989,-33.89080000
0.10100324,-19.13511000
0.10133658,7.50755300
0.10166992,23.04147000
0.10200327,27.80236000
0.10233661,28.09229000
0.10266996,29.67925000
0.10300330,46.44917000
0.10333664,33.49406000
0.10366999,43.58043000
0.10400333,47.65465000
0.10433668,29.54192000
0.10467002,28.42799000
0.10500336,13.00088000
0.10533671,-2.10577700
0.10567005,-18.21955000
0.10600340,-36.92739000
0.10633674,-37.58354000
0.10667008,-52.00354000
0.10700343,-57.55791000
0.10733677,-61.22013000
0.10767012,-76.43360000
0.10800346,-79.66856000
0.10833680,-74.05315000
0.10867015,-71.35227000
0.10900349,-58.62605000
0.10933684,-74.09894000
0.10967018,-61.35746000
0.11000352,-41.79509000
0.11033687,-20.66103000
0.11067021,-11.53600000
0.11100356,-11.03244000
0.11133690,9.03347800
0.11167024,22.62947000
0.11200359,39.61302000
0.11233693,39.44517000
0.11267028,23.97229000
0.11300362,42.28339000
0.11333696,38.34650000
0.11367031,47.48680000
0.11400365,31.70873000
0.11433700,23.51451000
0.11467034,22.72103000
0.11500368,10.68148000
0.11533703,3.14340600
0.11567037,-18.58577000
0.11600372,-29.20621000
0.11633706,-44.69436000
0.11667040,-48.11243000
0.11700375,-65.63005000
0.11733709,-65.20279000
0.11767044,-65.52323000
0.11800378,-88.71730000
0.11833712,-83.65123000
0.11867047,-73.85478000
0.11900381,-92.88307000
0.11933716,-82.79671000
0.11967050,-69.58220000
0.12000384,-74.19049000
0.12033719,-39.73510000
0.12067053,-20.92044000
0.12100388,-3.32651700
0.12133722,11.06296000
0.12167056,9.68962700
0.12200391,28.64162000
0.12233725,32.89895000
0.12267060,24.61318000
0.12300394,38.42280000
0.12333728,36.56117000
0.12367063,39.97925000
0.12400397,47.31895000
0.12433732,37.44621000
0.12467066,22.67525000
0.12500400,14.87777000
0.12533735,1.63274000
0.12567069,-12.63466000
0.12600404,-34.21125000
0.12633738,-41.64250000
0.12667072,-50.50813000
0.12700407,-56.55079000
0.12733741,-63.40220000
0.12767076,-76.46412000
0.12800410,-79.25657000
0.12833744,-71.65746000
0.12867079,-63.38694000
0.12900413,-63.24961000
0.12933748,-72.14575000
0.12967082,-65.23331000
0.13000416,-35.00473000
0.13033751,-28.99258000
0.13067085,-18.20429000
0.13100420,-5.98162700
0.13133754,20.44740000
0.13167088,31.25095000
0.13200423,41.38309000
0.13233757,39.78088000
0.13267092,22.87362000
0.13300426,43.96191000
0.13333760,33.09732000
0.13367095,45.80828000
0.13400429,41.24576000
0.13433764,31.08310000
0.13467098,22.75155000
0.13500432,21.21036000
0.13533767,-2.12103600
0.13567101,-20.79836000
0.13600436,-30.89999000
0.13633770,-37.56828000
0.13667104,-55.43687000
0.13700439,-69.87212000
0.13733773,-62.21198000
0.13767108,-73.41227000
0.13800442,-91.18931000
0.13833776,-86.24530000
0.13867111,-83.19345000
0.13900445,-87.57286000
0.13933780,-84.65834000
0.13967114,-63.05124000
0.14000448,-66.01153000
0.14033783,-57.20694000
0.14067117,-26.03229000
0.14100452,-0.77822200
0.14133786,7.91955300
0.14167120,17.73125000
0.14200455,20.55421000
0.14233789,23.91125000
0.14267124,40.23866000
0.14300458,46.75435000
0.14333792,39.96399000
0.14367127,52.58339000
0.14400461,48.29554000
0.14433796,35.70665000
0.14467130,26.70370000
0.14500464,14.78622000
0.14533799,3.61644300
0.14567133,-5.37125700
0.14600468,-26.94784000
0.14633802,-33.47880000
0.14667136,-33.14310000
0.14700471,-46.78487000
0.14733805,-66.71346000
0.14767140,-69.85686000
0.14800474,-79.86694000
0.14833808,-59.51109000
0.14867143,-78.08160000
0.14900477,-58.10724000
0.14933812,-69.78057000
0.14967146,-54.73494000
0.15000480,-51.02694000
0.15033815,-26.49006000
0.15067149,-15.76281000
0.15100484,5.84429400
0.15133818,15.53392000
0.15167152,19.33348000
0.15200487,30.93051000
0.15233821,35.30991000
0.15267156,18.02118000
0.15300490,45.93035000
0.15333824,36.98843000
0.15367159,54.65865000
0.15400493,32.25806000
0.15433828,29.55717000
0.15467162,35.79821000
0.15500497,19.62340000
0.15533831,-1.80059200
0.15567165,-17.67022000
0.15600500,-22.29377000
0.15633834,-40.65065000
0.15667169,-49.60783000
0.15700503,-58.04620000
0.15733837,-69.99420000
0.15767172,-78.60042000
0.15800506,-83.89538000
0.15833841,-92.04382000
0.15867175,-85.90960000
0.15900509,-74.63301000
0.15933844,-81.43864000
0.15967178,-81.20975000
0.16000513,-63.34116000
0.16033847,-63.00546000
0.16067181,-41.81035000
0.16100516,-5.76799800
0.16133850,18.08221000
0.16167185,28.35169000
0.16200519,31.83080000
0.16233853,38.17865000
0.16267188,32.73110000
0.16300522,39.01791000
0.16333857,49.01273000
0.16367191,40.75747000
0.16400525,41.24576000
0.16433860,46.81539000
0.16467194,45.68621000
0.16500529,26.77999000
0.16533863,9.99481200
0.16567197,-6.40888600
0.16600532,-21.37821000
0.16633866,-40.68117000
0.16667201,-52.38502000
0.16700535,-60.76235000
0.16733869,-68.51405000
0.16767204,-72.61878000
0.16800538,-63.40220000
0.16833873,-70.86398000
0.16867207,-73.24442000
0.16900541,-61.92205000
0.16933876,-50.55391000
0.16967210,-57.37479000
0.17000545,-52.09509000
0.17033879,-36.39332000
0.17067213,-27.81762000
0.17100548,-17.15140000
0.17133882,-1.44962900
0.17167217,16.15955000
0.17200551,24.71999000
0.17233885,37.58354000
0.17267220,55.31479000
0.17300554,43.18369000
0.17333889,36.57643000
0.17367223,43.91613000
0.17400557,49.48576000
0.17433892,39.42991000
0.17467226,30.79317000
0.17500561,13.94696000
0.17533895,-2.63985100
0.17567229,-1.00711100
0.17600564,-14.31318000
0.17633898,-28.73318000
0.17667233,-46.14398000
0.17700567,-59.69420000
0.17733901,-72.42042000
0.17767236,-64.76027000
0.17800570,-72.90871000
0.17833905,-80.47731000
0.17867239,-84.56678000
0.17900573,-74.61775000
0.17933908,-78.55464000
0.17967242,-66.04205000
0.18000577,-64.33302000
0.18033911,-45.30473000
0.18067245,-27.11569000
0.18100580,-13.74859000
0.18133914,9.53703300
0.18167249,30.25910000
0.18200583,41.79509000
0.18233917,48.03613000
0.18267252,41.48991000
0.18300586,36.45436000
0.18333921,45.06058000
0.18367255,39.90295000
0.18400589,33.06680000
0.18433924,51.43894000
0.18467258,44.78591000
0.18500593,35.76769000
0.18533927,11.03244000
0.18567261,1.11392600
0.18600596,-10.07111000
0.18633930,-26.68843000
0.18667265,-41.52043000
0.18700599,-55.07065000
0.18733933,-59.84679000
0.18767268,-68.52931000
0.18800602,-55.81835000
0.18833937,-73.15286000
0.18867271,-61.89153000
0.18900605,-64.62294000
0.18933940,-57.20694000
0.18967274,-53.22428000
0.19000609,-42.63435000
0.19033943,-36.11865000
0.19067277,-17.62444000
0.19100612,-3.40281400
0.19133946,6.88192400
0.19167281,21.46977000
0.19200615,25.54399000
0.19233949,29.46562000
0.19267284,40.95584000
0.19300618,47.18161000
0.19333953,29.63347000
0.19367287,47.83776000
0.19400621,33.34147000
0.19433956,40.31495000
0.19467290,33.69243000
0.19500625,19.08933000
0.19533959,5.02029500
0.19567293,-12.86355000
0.19600628,-26.12384000
0.19633962,-41.73406000
0.19667297,-49.24161000
0.19700631,-64.56190000
0.19733965,-73.04604000
0.19767300,-83.68175000
0.19800634,-77.12027000
0.19833969,-78.63094000
0.19867303,-90.31953000
0.19900637,-74.43464000
0.19933972,-82.09478000
0.19967306,-85.49760000
0.20000641,-63.89050000
0.20033975,-61.26590000
0.20067309,-44.52650000
0.20100644,-31.40354000
0.20133978,-6.07318300
0.20167313,12.07007000
0.20200647,20.92044000
0.20233981,36.36280000
0.20267316,50.72176000
0.20300650,37.70562000
0.20333985,41.19999000
0.20367319,48.44813000
0.20400653,39.18576000
0.20433988,43.18369000
0.20467322,29.57243000
0.20500657,27.95495000
0.20533991,13.29081000
0.20567325,-14.05377000
0.20600660,-21.98858000
0.20633994,-32.56325000
0.20667329,-38.30073000
0.20700663,-57.63420000
0.20733997,-63.57005000
0.20767332,-80.84353000
0.20800666,-75.79271000
0.20834001,-61.40324000
0.20867335,-67.21701000
0.20900669,-47.02902000
0.20934004,-65.66057000
0.20967338,-60.09094000
0.21000673,-51.08798000
0.21034007,-27.93969000
0.21067341,-13.22977000
0.21100676,-10.83407000
0.21134010,-0.54933320
0.21167345,23.56029000
0.21200679,38.88058000
0.21234013,49.68413000
0.21267348,46.37287000
0.21300682,35.56932000
0.21334017,42.29865000
0.21367351,44.51125000
0.21400685,49.16532000
0.21434020,48.05139000
0.21467354,28.42799000
0.21500689,24.90310000
0.21534023,5.82903500
0.21567358,-5.79851600
0.21600692,-30.85421000
0.21634026,-33.66191000
0.21667361,-50.81331000
0.21700695,-63.55479000
0.21734030,-74.51093000
0.21767364,-73.59538000
0.21800698,-70.14679000
0.21834033,-75.54856000
0.21867367,-91.11301000
0.21900702,-80.67567000
0.21934036,-73.61064000
0.21967370,-75.50278000
0.22000705,-78.79879000
0.22034039,-65.63005000
0.22067374,-58.25983000
0.22100708,-23.33140000
0.22134042,-6.85140500
0.22167377,5.56962800
0.22200711,20.35585000
0.22234046,22.27851000
0.22267380,41.91717000
0.22300714,38.59065000
0.22334049,37.99554000
0.22367383,45.70147000
0.22400718,40.86428000
0.22434052,37.18680000
0.22467386,42.48176000
0.22500721,24.01807000
0.22534055,9.81170100
0.22567390,-5.60014600
0.22600724,-23.36192000
0.22634058,-27.28355000
0.22667393,-47.16635000
0.22700727,-60.38087000
0.22734062,-70.11627000
0.22767396,-68.11731000
0.22800730,-65.01968000
0.22834065,-60.53346000
0.22867399,-65.67583000
0.22900734,-57.14590000
0.22934068,-53.55998000
0.22967402,-63.69213000
0.23000737,-42.40546000
0.23034071,-38.71273000
0.23067406,-27.19199000
0.23100740,-10.54414000
0.23134074,-1.75481400
0.23167409,1.31229600
0.23200743,23.94177000
0.23234078,40.84902000
0.23267412,46.06768000
0.23300746,34.39436000
0.23334081,44.19080000
0.23367415,46.58650000
0.23400750,41.97821000
0.23434084,32.33436000
0.23467418,50.01984000
0.23500753,27.13095000
0.23534087,15.09140000
0.23567422,-9.17081100
0.23600756,-24.35377000
0.23634090,-29.32829000
0.23667425,-51.60680000
0.23700759,-61.22013000
0.23734094,-69.03287000
0.23767428,-75.89953000
0.23800762,-64.57716000
0.23834097,-73.82426000
0.23867431,-89.03775000
0.23900766,-78.64619000
0.23934100,-65.15701000
0.23967434,-75.83849000
0.24000769,-66.49982000
0.24034103,-71.91687000
0.24067438,-52.01880000
0.24100772,-25.86444000
0.24134106,-7.08029400
0.24167441,12.89407000
0.24200775,29.35880000
0.24234110,46.76961000
0.24267444,48.92117000
0.24300778,55.42161000
0.24334113,29.58769000
0.24367447,42.77169000
0.24400782,30.74740000
0.24434116,45.30473000
0.24467450,44.31287000
0.24500785,37.65984000
0.24534119,19.68444000
0.24567454,-1.00711100
0.24600788,-13.71807000
0.24634122,-32.54799000
0.24667457,-45.41154000
0.24700791,-59.54161000
0.24734126,-59.08383000
0.24767460,-60.85390000
0.24800794,-60.88442000
0.24834129,-63.96679000
0.24867463,-67.58324000
0.24900798,-67.90368000
0.24934132,-54.49080000
0.24967466,-52.20191000
0.25000801,-53.62102000
0.25034135,-45.41154000
0.25067470,-32.71584000
0.25100804,-8.85036800
0.25134138,5.14236800
0.25167473,8.81984900
0.25200807,23.66710000
0.25234142,25.22355000
0.25267476,32.22754000
0.25300810,46.66280000
0.25334145,45.77776000
0.25367479,48.72280000
0.25400814,38.16339000
0.25434148,48.05139000
0.25467482,37.96502000
0.25500817,30.19806000
0.25534151,17.24296000
0.25567486,6.65303500
0.25600820,-3.34177700
0.25634154,-27.43614000
0.25667489,-46.60176000
0.25700823,-53.19376000
0.25734158,-65.56902000
0.25767492,-63.66161000
0.25800826,-73.56486000
0.25834161,-80.21790000
0.25867495,-88.03064000
0.25900830,-87.25241000
0.25934164,-65.37064000
0.25967498,-67.21701000
0.26000833,-62.60872000
0.26034167,-65.21805000
0.26067502,-46.47969000
0.26100836,-11.12400000
0.26134170,16.54103000
0.26167505,29.48088000
0.26200839,35.27940000
0.26234174,39.64354000
0.26267508,35.61510000
0.26300842,32.07495000
0.26334177,59.38902000
0.26367511,34.54695000
0.26400846,55.71153000
0.26434180,37.00369000
0.26467514,36.31702000
0.26500849,28.18384000
0.26534183,14.77096000
0.26567518,-4.36414700
0.26600852,-11.47496000
0.26634186,-26.85629000
0.26667521,-34.89791000
0.26700855,-47.10532000
0.26734190,-57.43583000
0.26767524,-66.16412000
0.26800858,-76.83035000
0.26834193,-57.05435000
0.26867527,-71.44383000
0.26900862,-55.95568000
0.26934196,-61.32694000
0.26967530,-65.73686000
0.27000865,-47.10532000
0.27034199,-29.19095000
0.27067534,-22.85836000
0.27100868,-4.51673900
0.27134202,8.91140500
0.27167537,15.82385000
0.27200871,34.22651000
0.27234206,46.83065000
0.27267540,43.73302000
0.27300874,32.99051000
0.27334209,52.78176000
0.27367543,38.10236000
0.27400878,48.63124000
0.27434212,34.57747000
0.27467546,38.89584000
0.27500881,27.28355000
0.27534215,14.37422000
0.27567550,-3.12814700
0.27600884,-16.43422000
0.27634219,-30.36592000
0.27667553,-52.73598000
0.27700887,-61.87627000
0.27734222,-60.19775000
0.27767556,-71.23020000
0.27800891,-71.53539000
0.27834225,-83.78856000
0.27867559,-89.99908000
0.27900894,-77.39494000
0.27934228,-84.82619000
0.27967563,-81.02664000
0.28000897,-68.22412000
0.28034231,-62.83760000
0.28067566,-53.62102000
0.28100900,-25.81866000
0.28134235,-12.00903000
0.28167569,8.46888600
0.28200903,27.92443000
0.28234238,35.82873000
0.28267572,34.37910000
0.28300907,44.66384000
0.28334241,37.65984000
0.28367575,57.52739000
0.28400910,37.44621000
0.28434244,40.63540000
0.28467579,39.42991000
0.28500913,38.02606000
0.28534247,25.13199000
0.28567582,10.42207000
0.28600916,-2.91451700
0.28634251,-20.08118000
0.28667585,-39.58250000
0.28700919,-54.70443000
0.28734254,-59.17539000
0.28767588,-50.09613000
0.28800923,-67.84264000
0.28834257,-66.30146000
0.28867591,-66.30146000
0.28900926,-66.95760000
0.28934260,-53.27005000
0.28967595,-56.45924000
0.29000929,-53.88042000
0.29034263,-43.15317000
0.29067598,-47.15109000
0.29100932,-24.14014000
0.29134267,2.12103600
0.29167601,20.67629000
0.29200935,33.02102000
0.29234270,33.24991000
0.29267604,29.09940000
0.29300939,45.09109000
0.29334273,42.81747000
0.29367607,42.77169000
0.29400942,49.65361000
0.29434276,43.41258000
0.29467611,44.90799000
0.29500945,25.91021000
0.29534279,20.18799000
0.29567614,-4.21155400
0.29600948,-11.41392000
0.29634283,-20.29481000
0.29667617,-40.97110000
0.29700951,-54.68917000
0.29734286,-55.98620000
0.29767620,-67.61375000
0.29800955,-79.42442000
0.29834289,-77.91375000
0.29867623,-83.63597000
0.29900958,-89.77020000
0.29934292,-78.38679000
0.29967627,-60.39613000
0.30000961,-53.54472000
0.30034295,-52.99539000
0.30067630,-33.31095000
0.30100964,-22.30903000
0.30134299,11.13926000
0.30167633,31.12888000
0.30200967,36.51539000
0.30234302,39.38414000
0.30267636,42.08502000
0.30300971,36.65273000
0.30334305,59.87731000
0.30367639,35.69139000
0.30400974,61.11331000
0.30434308,38.05658000
0.30467643,37.29362000
0.30500977,30.71688000
0.30534311,28.21436000
0.30567646,6.69881200
0.30600980,-17.67022000
0.30634315,-30.27436000
0.30667649,-48.61598000
0.30700983,-53.66680000
0.30734318,-58.80917000
0.30767652,-59.29746000
0.30800987,-61.66264000
0.30834321,-53.55998000
0.30867655,-75.24338000
0.30900990,-52.41553000
0.30934324,-56.03198000
0.30967659,-66.71346000
0.31000993,-52.32398000
0.31034327,-39.58250000
0.31067662,-16.57155000
0.31100996,-22.47688000
0.31134331,-15.35081000
0.31167665,9.97955200
0.31200999,29.45036000
0.31234334,32.76162000
0.31267668,42.81747000
0.31301003,52.36976000
0.31334337,47.56310000
0.31367671,37.30888000
0.31401006,45.79302000
0.31434340,48.96695000
0.31467675,26.71895000
0.31501009,24.03333000
0.31534343,11.09348000
0.31567678,-3.63170200
0.31601012,-11.90222000
0.31634347,-26.77999000
0.31667681,-37.69036000
0.31701015,-49.01273000
0.31734350,-62.63924000
0.31767684,-72.02368000
0.31801019,-73.80901000
0.31834353,-70.57405000
0.31867687,-82.49152000
0.31901022,-70.68087000
0.31934356,-90.83834000
0.31967691,-74.80086000
0.32001025,-63.03598000
0.32034359,-59.49583000
0.32067694,-39.82665000
0.32101028,-23.92651000
0.32134363,2.42622100
0.32167697,19.86755000
0.32201031,24.20118000
0.32234366,37.33939000
0.32267700,46.78487000
0.32301035,53.59050000
0.32334369,44.09924000
0.32367703,49.72991000
0.32401038,47.76146000
0.32434372,53.23954000
0.32467707,59.78576000
0.32501041,29.99969000
0.32534375,14.83200000
0.32567710,3.06711000
0.32601044,-8.66725600
0.32634379,-26.36799000
0.32667713,-42.29865000
0.32701047,-44.02295000
0.32734382,-45.77776000
0.32767716,-60.89968000
0.32801051,-74.34308000
0.32834385,-56.53553000
0.32867719,-64.37879000
0.32901054,-59.93835000
0.32934388,-63.73790000
0.32967723,-55.10117000
0.33001057,-39.47569000
0.33034391,-30.93051000
0.33067726,-26.36799000
0.33101060,-26.45955000
0.33134395,-8.54518200
0.33167729,11.70385000
0.33201063,21.92755000
0.33234398,28.85525000
0.33267732,40.10132000
0.33301067,55.46738000
0.33334401,50.32502000
0.33367735,36.69851000
0.33401070,49.91302000
0.33434404,39.07895000
0.33467739,36.30176000
0.33501073,30.10651000
0.33534407,16.41896000
0.33567742,3.37229500
0.33601076,-26.03229000
0.33634411,-31.26621000
0.33667745,-44.99954000
0.33701079,-54.75020000
0.33734414,-62.04412000
0.33767748,-73.16812000
0.33801083,-72.75612000
0.33834417,-70.40620000
0.33867752,-89.81597000
0.33901086,-69.94842000
0.33934420,-79.48546000
0.33967755,-75.88427000
0.34001089,-64.11938000
0.34034424,-57.80206000
0.34067758,-43.00058000
0.34101092,-37.36991000
0.34134427,-12.42103000
0.34167761,9.55229300
0.34201096,15.21348000
0.34234430,31.84606000
0.34267764,44.80117000
0.34301099,56.33717000
0.34334433,44.16028000
0.34367768,54.93332000
0.34401102,47.94458000
0.34434436,46.57124000
0.34467771,53.10220000
0.34501105,34.54695000
0.34534440,16.51051000
0.34567774,8.20947800
0.34601108,-13.18400000
0.34634443,-25.66606000
0.34667777,-30.24384000
0.34701112,-39.78088000
0.34734446,-44.34339000
0.34767780,-57.61894000
0.34801115,-73.44279000
0.34834449,-59.78576000
0.34867784,-74.44990000
0.34901118,-58.61079000
0.34934452,-66.08783000
0.34967787,-51.63731000
0.35001121,-42.92428000
0.35034456,-21.51555000
0.35067790,-13.87066000
0.35101124,-4.76088700
0.35134459,-1.03762900
0.35167793,11.41392000
0.35201128,29.90814000
0.35234462,38.62117000
0.35267796,54.47554000
0.35301131,54.06354000
0.35334465,42.69539000
0.35367800,52.50709000
0.35401134,34.94369000
0.35434468,44.80117000
0.35467803,48.96695000
0.35501137,38.95687000
0.35534472,14.23688000
0.35567806,1.19022200
0.35601140,-6.83614600
0.35634475,-16.26636000
0.35667809,-33.96710000
0.35701144,-41.21524000
0.35734478,-52.70546000
0.35767812,-54.99435000
0.35801147,-74.05315000
0.35834481,-90.48738000
0.35867816,-74.87716000
0.35901150,-90.31953000
0.35934484,-76.95242000
0.35967819,-63.18857000
0.36001153,-65.15701000
0.36034488,-73.19864000
0.36067822,-49.13480000
0.36101156,-22.90414000
0.36134491,9.44547800
0.36167825,17.30400000
0.36201160,33.09732000
0.36234494,41.61198000
0.36267828,42.61909000
0.36301163,41.81035000
0.36334497,46.73909000
0.36367832,53.46843000
0.36401166,33.24991000
0.36434500,49.48576000
0.36467835,53.34635000
0.36501169,43.91613000
0.36534504,33.61613000
0.36567838,12.74148000
0.36601172,-10.33051000
0.36634507,-19.19614000
0.36667841,-26.71895000
0.36701176,-41.76458000
0.36734510,-47.79198000
0.36767844,-61.84576000
0.36801179,-65.17227000
0.36834513,-66.22516000
0.36867848,-64.43983000
0.36901182,-56.67287000
0.36934516,-67.29331000
0.36967851,-53.33109000
0.37001185,-47.59361000
0.37034520,-24.32325000
0.37067854,-21.68340000
0.37101188,-10.26948000
0.37134523,2.51777700
0.37167857,24.73525000
0.37201192,30.38117000
0.37234526,45.99139000
0.37267860,54.62813000
0.37301195,46.89169000
0.37334529,41.35258000
0.37367864,50.40132000
0.37401198,44.96902000
0.37434532,46.98324000
0.37467867,50.69124000
0.37501201,37.76665000
0.37534536,21.34770000
0.37567870,5.29496100
0.37601204,-8.56044100
0.37634539,-25.20829000
0.37667873,-36.72902000
0.37701208,-45.89983000
0.37734542,-52.21717000
0.37767876,-64.48560000
0.37801211,-80.95035000
0.37834545,-86.85567000
0.37867880,-71.67272000
0.37901214,-98.31538000
0.37934548,-75.15182000
0.37967883,-69.21598000
0.38001217,-62.85286000
0.38034552,-77.12027000
0.38067886,-59.08383000
0.38101220,-30.50325000
0.38134555,-1.63274000
0.38167889,22.44636000
0.38201224,23.02621000
0.38234558,31.28147000
0.38267892,28.09229000
0.38301227,38.68221000
0.38334561,51.42368000
0.38367896,47.42576000
0.38401230,45.04532000
0.38434564,51.72887000
0.38467899,45.06058000
0.38501233,45.21317000
0.38534568,35.09629000
0.38567902,7.98059000
0.38601236,-12.78725000
0.38634571,-22.04962000
0.38667905,-38.39228000
0.38701240,-51.04220000
0.38734574,-59.60265000
0.38767908,-50.75228000
0.38801243,-52.72072000
0.38834577,-69.64323000
0.38867912,-59.87731000
0.38901246,-65.21805000
0.38934580,-50.82857000
0.38967915,-59.96887000
0.39001249,-59.08383000
0.39034584,-47.83776000
0.39067918,-28.07703000
0.39101252,-15.97644000
0.39134587,-12.87881000
0.39167921,1.58696200
0.39201256,20.31007000
0.39234590,32.63954000
0.39267924,40.52858000
0.39301259,53.83465000
0.39334593,43.68724000
0.39367928,43.61095000
0.39401262,37.88873000
0.39434596,51.33213000
0.39467931,32.94473000
0.39501265,27.49718000
0.39534600,21.24088000
0.39567934,-1.12918500
0.39601268,-12.75674000
0.39634603,-30.33540000
0.39667937,-37.27835000
0.39701272,-51.89672000
0.39734606,-71.55064000
0.39767940,-71.97791000
0.39801275,-68.13257000
0.39834609,-73.13760000
0.39867944,-78.08160000
0.39901278,-73.19864000
0.39934613,-86.18427000
0.39967947,-70.46724000
0.40001281,-65.99627000
0.40034616,-53.05643000
0.40067950,-38.19391000
0.40101285,-8.94192300
0.40134619,-6.50044200
0.40167953,19.11984000
0.40201288,28.06177000
0.40234622,37.06473000
0.40267957,47.66991000
0.40301291,47.05954000
0.40334625,36.27124000
0.40367960,45.07584000
0.40401294,44.49598000
0.40434629,45.68621000
0.40467963,48.14294000
0.40501297,38.37702000
0.40534632,21.86651000
0.40567966,16.92251000
0.40601301,-2.12103600
0.40634635,-20.02014000
0.40667969,-33.08206000
0.40701304,-40.23866000
0.40734638,-51.17953000
0.40767973,-71.55064000
0.40801307,-73.93108000
0.40834641,-60.89968000
0.40867976,-54.53658000
0.40901310,-62.24250000
0.40934645,-66.43879000
0.40967979,-57.69524000
0.41001313,-48.28028000
0.41034648,-31.00680000
0.41067982,-20.27955000
0.41101317,-5.98162700
0.41134651,12.19214000
0.41167985,20.50844000
0.41201320,23.97229000
0.41234654,41.15421000
0.41267989,50.37080000
0.41301323,48.34132000
0.41334657,36.39332000
0.41367992,54.62813000
0.41401326,39.04843000
0.41434661,54.12457000
0.41467995,43.76354000
0.41501329,33.49406000
0.41534664,22.29377000
0.41567998,1.15970300
0.41601333,-4.83718300
0.41634667,-34.25703000
0.41668001,-45.96087000
0.41701336,-57.42057000
0.41734670,-70.54353000
0.41768005,-68.59035000
0.41801339,-70.83346000
0.41834673,-73.76323000
0.41868008,-79.98901000
0.41901342,-78.66145000
0.41934677,-95.44663000
0.41968011,-78.40205000
0.42001345,-60.50294000
0.42034680,-60.77761000
0.42068014,-48.15820000
0.42101349,-30.56429000
0.42134683,-3.83007300
0.42168017,4.42518400
0.42201352,21.31718000
0.42234686,33.34147000
0.42268021,39.27732000
0.42301355,46.93746000
0.42334689,40.94057000
0.42368024,44.08398000
0.42401358,39.82665000
0.42434693,55.94042000
0.42468027,47.97509000
0.42501361,37.20206000
0.42534696,18.20429000
0.42568030,13.87066000
0.42601365,-9.90325500
0.42634699,-19.42503000
0.42668033,-33.20414000
0.42701368,-44.26710000
0.42734702,-54.44502000
0.42768037,-65.12650000
0.42801371,-68.17834000
0.42834705,-69.58220000
0.42868040,-53.20902000
0.42901374,-62.88339000
0.42934709,-41.16946000
0.42968043,-52.72072000
0.43001377,-59.90783000
0.43034712,-48.78384000
0.43068046,-36.42384000
0.43101381,-25.66606000
0.43134715,-19.53185000
0.43168049,1.80059200
0.43201384,23.40770000
0.43234718,31.17466000
0.43268053,41.97821000
0.43301387,43.50413000
0.43334721,51.01168000
0.43368056,43.01583000
0.43401390,43.36680000
0.43434725,43.90088000
0.43468059,37.55302000
0.43501393,32.99051000
0.43534728,17.48710000
0.43568062,6.72933100
0.43601397,-13.26029000
0.43634731,-23.65184000
0.43668065,-28.85525000
0.43701400,-43.41258000
0.43734734,-52.38502000
0.43768069,-61.87627000
0.43801403,-67.99523000
0.43834737,-71.04709000
0.43868072,-78.99716000
0.43901406,-72.32886000
0.43934741,-84.23108000
0.43968075,-84.71938000
0.44001409,-64.05834000
0.44034744,-54.21613000
0.44068078,-53.30058000
0.44101413,-28.13806000
0.44134747,-5.00503500
0.44168081,21.56133000
0.44201416,16.96829000
0.44234750,29.14518000
0.44268085,28.91629000
0.44301419,42.69539000
0.44334753,51.59154000
0.44368088,43.45835000
0.44401422,50.69124000
0.44434757,42.20710000
0.44468091,38.94162000
0.44501425,37.27835000
0.44534760,30.39643000
0.44568094,13.53496000
0.44601429,1.60222200
0.44634763,-18.79940000
0.44668097,-32.57851000
0.44701432,-35.03525000
0.44734766,-48.72280000
0.44768101,-55.86413000
0.44801435,-68.08679000
0.44834769,-75.59435000
0.44868104,-67.49168000
0.44901438,-64.57716000
0.44934773,-62.37983000
0.44968107,-55.61998000
0.45001441,-47.57835000
0.45034776,-34.22651000
0.45068110,-30.53377000
0.45101445,-23.92651000
0.45134779,-13.94696000
0.45168113,2.94503600
0.45201448,29.64873000
0.45234782,35.58458000
0.45268117,33.69243000
0.45301451,48.92117000
0.45334785,46.54072000
0.45368120,39.42991000
0.45401454,54.29243000
0.45434789,45.94561000
0.45468123,42.20710000
0.45501457,39.64354000
0.45534792,20.00488000
0.45568126,1.06814800
0.45601461,-13.03140000
0.45634795,-27.81762000
0.45668129,-30.10651000
0.45701464,-45.31998000
0.45734798,-49.36369000
0.45768133,-58.48872000
0.45801467,-63.63109000
0.45834801,-69.96368000
0.45868136,-95.08041000
0.45901470,-84.90249000
0.45934805,-90.45686000
0.45968139,-64.63820000
0.46001473,-55.77257000
0.46034808,-62.68502000
0.46068142,-58.97702000
0.46101477,-46.28131000
0.46134811,-24.75051000
0.46168146,-0.56459240
0.46201480,16.76992000
0.46234814,30.28962000
0.46268149,46.95272000
0.46301483,48.41761000
0.46334818,35.09629000
0.46368152,52.36976000
0.46401486,39.90295000
0.46434821,40.25391000
0.46468155,46.84591000
0.46501490,42.83273000
0.46534824,36.91213000
0.46568158,15.82385000
0.46601493,-0.56459240
0.46634827,-10.05585000
0.46668162,-23.66710000
0.46701496,-36.50013000
0.46734830,-56.45924000
0.46768165,-68.16309000
0.46801499,-60.47242000
0.46834834,-62.83760000
0.46868168,-67.00338000
0.46901502,-65.52323000
0.46934837,-57.46635000
0.46968171,-46.34235000
0.47001506,-56.53553000
0.47034840,-55.20798000
0.47068174,-37.91925000
0.47101509,-14.29792000
0.47134843,-19.51659000
0.47168178,1.25125900
0.47201512,9.94903400
0.47234846,28.71791000
0.47268181,49.11954000
0.47301515,53.49894000
0.47334850,39.62828000
0.47368184,57.11539000
0.47401518,43.18369000
0.47434853,40.66591000
0.47468187,57.48161000
0.47501522,43.13791000
0.47534856,23.45347000
0.47568190,17.36503000
0.47601525,-2.51777700
0.47634859,-22.08014000
0.47668194,-34.62325000
0.47701528,-47.79198000
0.47734862,-65.27908000
0.47768197,-79.08871000
0.47801531,-78.64619000
0.47834866,-66.74397000
0.47868200,-80.64516000
0.47901534,-75.42649000
0.47934869,-77.47123000
0.47968203,-88.25953000
0.48001538,-73.96160000
0.48034872,-65.17227000
0.48068206,-46.00665000
0.48101541,-23.69762000
0.48134875,-5.87481300
0.48168210,8.86562600
0.48201544,21.48503000
0.48234878,42.74117000
0.48268213,34.44014000
0.48301547,37.85821000
0.48334882,45.38102000
0.48368216,39.67406000
0.48401550,53.37687000
0.48434885,38.56013000
0.48468219,41.15421000
0.48501554,46.47969000
0.48534888,30.67110000
0.48568222,14.69466000
0.48601557,-3.40281400
0.48634891,-12.48207000
0.48668226,-35.64562000
0.48701560,-38.49910000
0.48734894,-51.30161000
0.48768229,-62.97494000
0.48801563,-71.77953000
0.48834898,-75.50278000
0.48868232,-61.55583000
0.48901566,-60.21301000
0.48934901,-64.53138000
0.48968235,-58.50398000
0.49001570,-52.18665000
0.49034904,-41.36784000
0.49068238,-31.60192000
0.49101573,-15.50340000
0.49134907,-19.48607000
0.49168242,2.53303600
0.49201576,12.58888000
0.49234910,23.65184000
0.49268245,29.28251000
0.49301579,43.70250000
0.49334914,36.94265000
0.49368248,45.60991000
0.49401582,47.82250000
0.49434917,51.13376000
0.49468251,44.93850000
0.49501586,32.86843000
0.49534920,27.42088000
0.49568254,10.89511000
0.49601589,-4.56251700
0.49634923,-10.10163000
0.49668258,-24.14014000
0.49701592,-41.41361000
0.49734926,-55.58946000
0.49768261,-63.34116000
0.49801595,-58.93124000
0.49834930,-54.55183000
0.49868264,-83.71227000
0.49901598,-82.85774000
0.49934933,-82.61359000
0.49968267,-69.15494000
0.50001602,-69.36857000
0.50034936,-64.21094000
0.50068270,-55.86413000
0.50101605,-47.39524000
0.50134939,-20.38636000
0.50168274,-1.46488800
0.50201608,18.25007000
0.50234942,32.92947000
0.50268277,46.00665000
0.50301611,42.86324000
0.50334946,48.55495000
0.50368280,50.81331000
0.50401614,40.46754000
0.50434949,52.58339000
0.50468283,50.58442000
0.50501618,54.44502000
0.50534952,31.43406000
0.50568286,21.31718000
0.50601621,0.79348120
0.50634955,-11.68859000
0.50668290,-29.57243000
0.50701624,-37.98028000
0.50734958,-49.07376000
0.50768293,-55.33005000
0.50801627,-65.44694000
0.50834962,-64.85183000
0.50868296,-71.24546000
0.50901630,-60.21301000
0.50934965,-51.88146000
0.50968299,-62.76131000
0.51001634,-66.14886000
0.51034968,-47.95984000
0.51068302,-35.30991000
0.51101637,-23.72814000
0.51134971,-12.69570000
0.51168306,-7.99584900
0.51201640,17.24296000
0.51234974,36.05762000
0.51268309,42.42073000
0.51301643,39.82665000
0.51334978,31.51036000
0.51368312,51.69835000
0.51401646,26.50532000
0.51434981,53.40739000
0.51468315,41.65776000
0.51501650,40.92532000
0.51534984,30.07599000
0.51568318,11.03244000
0.51601653,-9.72014400
0.51634987,-17.15140000
0.51668322,-24.47584000
0.51701656,-47.05954000
0.51734990,-56.82546000
0.51768325,-55.68102000
0.51801659,-70.28413000
0.51834994,-65.12650000
0.51868328,-88.53419000
0.51901662,-86.90145000
0.51934997,-80.05005000
0.51968331,-80.53835000
0.52001666,-72.90871000
0.52035000,-63.79894000
0.52068334,-45.50310000
0.52101669,-37.00369000
0.52135003,-22.58370000
0.52168338,6.14947900
0.52201672,24.55214000
0.52235007,41.59673000
0.52268341,49.11954000
0.52301675,42.45124000
0.52335010,42.72591000
0.52368344,50.69124000
0.52401679,39.44517000
0.52435013,46.08295000
0.52468347,46.86117000
0.52501682,37.29362000
0.52535016,37.09525000
0.52568351,18.92147000
0.52601685,11.61229000
0.52635019,-10.91037000
0.52668354,-24.03333000
0.52701688,-40.28443000
0.52735023,-50.69124000
0.52768357,-53.69732000
0.52801691,-65.43168000
0.52835026,-63.46324000
0.52868360,-62.05938000
0.52901695,-61.57109000
0.52935029,-58.50398000
0.52968363,-55.63524000
0.53001698,-61.46428000
0.53035032,-55.48264000
0.53068367,-43.09213000
0.53101701,-22.98043000
0.53135035,-3.34177700
0.53168370,4.80666500
0.53201704,14.37422000
0.53235039,18.18903000
0.53268373,36.56117000
0.53301707,45.50310000
0.53335042,43.79406000
0.53368376,48.86013000
0.53401711,50.84383000
0.53435045,54.03302000
0.53468379,39.17051000
0.53501714,43.45835000
0.53535048,23.22458000
0.53568383,7.27866400
0.53601717,-4.31836900
0.53635051,-20.72207000
0.53668386,-35.52354000
0.53701720,-49.33317000
0.53735055,-56.47450000
0.53768389,-55.43687000
0.53801723,-75.62486000
0.53835058,-77.71538000
0.53868392,-73.62590000
0.53901727,-77.45597000
0.53935061,-84.91775000
0.53968395,-81.01138000
0.54001730,-53.94146000
0.54035064,-56.32190000
0.54068399,-61.11331000
0.54101733,-54.79598000
0.54135067,-18.86044000
0.54168402,2.18207300
0.54201736,9.73540400
0.54235071,37.98028000
0.54268405,34.54695000
0.54301739,42.45124000
0.54335074,53.60576000
0.54368408,39.56725000
0.54401743,52.91909000
0.54435077,43.76354000
0.54468411,57.81731000
0.54501746,40.43702000
0.54535080,29.89288000
0.54568415,18.18903000
0.54601749,6.45466400
0.54635083,-11.21555000
0.54668418,-29.00784000
0.54701752,-34.71480000
0.54735087,-38.54488000
0.54768421,-58.41242000
0.54801755,-60.97598000
0.54835090,-62.66976000
0.54868424,-72.66457000
0.54901759,-55.86413000
0.54935093,-69.67375000
0.54968427,-51.94250000
0.55001762,-55.36057000
0.55035096,-45.12162000
0.55068431,-31.92236000
0.55101765,-25.34562000
0.55135099,-4.53199800
0.55168434,9.43021900
0.55201768,20.87466000
0.55235103,30.25910000
0.55268437,38.83480000
0.55301771,36.91213000
0.55335106,44.19080000
0.55368440,55.42161000
0.55401775,46.08295000
0.55435109,53.97198000
0.55468443,52.11035000
0.55501778,40.00977000
0.55535112,19.79125000
0.55568447,5.29496100
0.55601781,-11.24607000
0.55635115,-19.97436000
0.55668450,-32.04443000
0.55701784,-43.61095000
0.55735119,-51.72887000
0.55768453,-61.96783000
0.55801787,-80.85879000
0.55835122,-82.38470000
0.55868456,-77.27286000
0.55901791,-76.52515000
0.55935125,-92.10485000
0.55968459,-83.72752000
0.56001794,-58.32087000
0.56035128,-57.54264000
0.56068463,-60.16724000
0.56101797,-52.91909000
0.56135131,-25.49821000
0.56168466,8.80458900
0.56201800,24.23170000
0.56235135,30.91525000
0.56268469,30.36592000
0.56301803,39.67406000
0.56335138,57.98516000
0.56368472,51.37791000
0.56401807,43.67199000
0.56435141,44.48072000
0.56468475,49.22635000
0.56501810,42.17658000
0.56535144,38.98739000
0.56568479,22.33955000
0.56601813,13.41288000
0.56635147,-8.74355200
0.56668482,-22.01910000
0.56701816,-34.34858000
0.56735151,-48.92117000
0.56768485,-52.43080000
0.56801819,-50.73702000
0.56835154,-63.28012000
0.56868488,-66.34724000
0.56901823,-58.91598000
0.56935157,-69.75005000
0.56968491,-59.70946000
0.57001826,-56.36768000
0.57035160,-45.51836000
0.57068495,-36.60695000
0.57101829,-18.20429000
0.57135163,-11.21555000
0.57168498,13.77911000
0.57201832,11.38340000
0.57235167,23.54503000
0.57268501,25.52873000
0.57301835,35.75243000
0.57335170,43.48887000
0.57368504,56.67287000
0.57401839,47.42576000
0.57435173,52.15613000
0.57468507,49.36369000
0.57501842,35.11155000
0.57535176,22.93466000
0.57568511,5.26444200
0.57601845,-1.55644400
0.57635179,-18.20429000
0.57668514,-31.47984000
0.57701848,-41.79509000
0.57735183,-49.30265000
0.57768517,-60.57924000
0.57801851,-71.97791000
0.57835186,-79.66856000
0.57868520,-79.02768000
0.57901855,-86.79464000
0.57935189,-90.54842000
0.57968523,-78.37153000
0.58001858,-60.56398000
0.58035192,-56.77968000
0.58068527,-62.24250000
0.58101861,-46.67805000
0.58135195,-30.33540000
0.58168530,1.34281400
0.58201864,17.16666000
0.58235199,23.31614000
0.58268533,43.16843000
0.58301868,34.57747000
0.58335202,26.61214000
0.58368536,51.56102000
0.58401871,40.60488000
0.58435205,49.59258000
0.58468540,41.88665000
0.58501874,32.45643000
0.58535208,25.65080000
0.58568543,22.56844000
0.58601877,7.26340500
0.58635212,-6.50044200
0.58668546,-26.70370000
0.58701880,-37.59880000
0.58735215,-48.67702000
0.58768549,-58.03094000
0.58801884,-60.88442000
0.58835218,-62.74605000
0.58868552,-64.14990000
0.58901887,-60.85390000
0.58935221,-57.05435000
0.58968556,-77.94427000
0.59001890,-53.08694000
0.59035224,-44.02295000
0.59068559,-24.04858000
0.59101893,-19.89807000
0.59135228,6.05792400
0.59168562,11.91748000
0.59201896,14.29792000
0.59235231,29.37406000
0.59268565,34.34858000
0.59301900,38.74324000
0.59335234,38.78902000
0.59368568,51.80516000
0.59401903,43.21421000
0.59435237,47.77672000
0.59468572,42.92428000
0.59501906,34.24176000
0.59535240,30.86947000
0.59568575,21.95807000
0.59601909,2.47199900
0.59635244,-10.30000000
0.59668578,-33.92132000
0.59701912,-36.95791000
0.59735247,-58.80917000
0.59768581,-64.88235000
0.59801916,-67.04916000
0.59835250,-67.41538000
0.59868584,-79.36338000
0.59901919,-82.33893000
0.59935253,-72.58826000
0.59968588,-86.24530000
0.60001922,-74.31256000
0.60035256,-73.50382000
0.60068591,-61.38798000
0.60101925,-43.82458000
0.60135260,-18.53999000
0.60168594,-18.00592000
0.60201928,6.50044200
0.60235263,21.30192000
0.60268597,35.06577000
0.60301932,43.62621000
0.60335266,34.71480000
0.60368600,34.27229000
0.60401935,52.99539000
0.60435269,41.35258000
0.60468604,47.41050000
0.60501938,45.15213000
0.60535272,45.99139000
0.60568607,23.08725000
0.60601941,2.97555400
0.60635276,-12.68044000
0.60668610,-15.96118000
0.60701944,-31.03732000
0.60735279,-43.04636000
0.60768613,-52.72072000
0.60801948,-48.76858000
0.60835282,-70.16205000
0.60868616,-63.49376000
0.60901951,-60.04517000
0.60935285,-62.57820000
0.60968620,-67.99523000
0.61001954,-43.94665000
0.61035288,-52.12561000
0.61068623,-40.46754000
0.61101957,-35.50829000
0.61135292,-11.91748000
0.61168626,15.76281000
0.61201960,26.59688000
0.61235295,36.95791000
0.61268629,42.08502000
0.61301964,48.93643000
0.61335298,30.33540000
0.61368632,34.08917000
0.61401967,45.94561000
0.61435301,40.95584000
0.61468636,47.47154000
0.61501970,32.01391000
0.61535304,38.88058000
0.61568639,26.39851000
0.61601973,6.88192400
0.61635308,-11.91748000
0.61668642,-28.07703000
0.61701976,-38.69747000
0.61735311,-55.65050000
0.61768645,-65.99627000
0.61801980,-59.20591000
0.61835314,-69.46012000
0.61868648,-83.19345000
0.61901983,-78.60042000
0.61935317,-75.73167000
0.61968652,-73.83952000
0.62001986,-75.13657000
0.62035320,-68.08679000
0.62068655,-63.26487000
0.62101989,-54.58235000
0.62135324,-42.87850000
0.62168658,-13.62651000
0.62201992,4.39466500
0.62235327,18.00592000
0.62268661,33.93658000
0.62301996,35.21836000
0.62335330,39.78088000
0.62368664,36.19495000
0.62401999,52.81228000
0.62435333,35.00473000
0.62468668,44.74013000
0.62502002,42.02398000
0.62535336,43.32102000
0.62568671,24.76577000
0.62602005,10.87985000
0.62635340,-11.53600000
0.62668674,-24.47584000
0.62702008,-28.12280000
0.62735343,-43.70250000
0.62768677,-54.36872000
0.62802012,-56.85598000
0.62835346,-68.19360000
0.62868680,-69.67375000
0.62902015,-55.07065000
0.62935349,-69.32279000
0.62968684,-59.70946000
0.63002018,-45.70147000
0.63035352,-49.07376000
0.63068687,-35.11155000
0.63102021,-30.68636000
0.63135356,-19.25718000
0.63168690,5.46281300
0.63202024,24.00281000
0.63235359,21.10355000
0.63268693,29.99969000
0.63302028,19.60814000
0.63335362,24.76577000
0.63368696,43.73302000
0.63402031,41.65776000
0.63435365,49.51628000
0.63468700,41.88665000
0.63502034,41.73406000
0.63535368,28.80947000
0.63568703,26.41377000
0.63602037,7.78221900
0.63635372,-17.67022000
0.63668706,-31.78502000
0.63702040,-38.75851000
0.63735375,-59.11435000
0.63768709,-65.73686000
0.63802044,-69.49065000
0.63835378,-59.70946000
0.63868712,-86.47419000
0.63902047,-84.38367000
0.63935381,-85.75700000
0.63968716,-87.23715000
0.64002050,-81.98797000
0.64035384,-76.50990000
0.64068719,-57.81731000
0.64102053,-45.12162000
0.64135388,-28.62636000
0.64168722,-15.13718000
0.64202056,-10.63570000
0.64235391,10.14740000
0.64268725,23.13303000
0.64302060,45.36576000
0.64335394,48.20398000
0.64368728,40.51332000
0.64402063,45.89983000
0.64435397,37.96502000
0.64468732,46.86117000
0.64502066,39.56725000
0.64535401,33.20414000
0.64568735,16.84622000
0.64602069,1.35807400
0.64635404,-6.50044200
0.64668738,-19.45555000
0.64702073,-30.44221000
0.64735407,-44.57228000
0.64768741,-58.16827000
0.64802076,-68.86501000
0.64835410,-75.35020000
0.64868745,-70.97079000
0.64902079,-58.73287000
0.64935413,-75.09079000
0.64968748,-72.87819000
0.65002082,-55.52842000
0.65035417,-53.55998000
0.65068751,-46.57124000
0.65102085,-33.32621000
0.65135420,-15.53392000
0.65168754,-3.87585000
0.65202089,8.80458900
0.65235423,26.42903000
0.65268757,43.51939000
0.65302092,44.00769000
0.65335426,34.04340000
0.65368761,43.41258000
0.65402095,50.05035000
0.65435429,47.04428000
0.65468764,41.55095000
0.65502098,45.01480000
0.65535433,35.81347000
0.65568767,27.00888000
0.65602101,6.05792400
0.65635436,-8.02636700
0.65668770,-21.33244000
0.65702105,-37.56828000
0.65735439,-55.49791000
0.65768773,-49.36369000
0.65802108,-57.42057000
0.65835442,-65.67583000
0.65868777,-80.66042000
0.65902111,-68.20886000
0.65935445,-82.30841000
0.65968780,-77.25760000
0.66002114,-77.76115000
0.66035449,-77.21182000
0.66068783,-79.72961000
0.66102117,-59.31272000
0.66135452,-29.66399000
0.66168786,-14.60311000
0.66202121,-3.29599900
0.66235455,26.39851000
0.66268789,31.22043000
0.66302124,30.56429000
0.66335458,25.75762000
0.66368793,41.03213000
0.66402127,42.74117000
0.66435461,42.20710000
0.66468796,34.51643000
0.66502130,44.02295000
0.66535465,47.13583000
0.66568799,26.27643000
0.66602133,17.12088000
0.66635468,-5.26444200
0.66668802,-16.75466000
0.66702137,-33.05154000
0.66735471,-39.04843000
0.66768805,-54.00250000
0.66802140,-58.24457000
0.66835474,-71.68798000
0.66868809,-80.15686000
0.66902143,-52.87331000
0.66935477,-76.90664000
0.66968812,-63.98205000
0.67002146,-66.01153000
0.67035481,-64.76027000
0.67068815,-53.10220000
0.67102149,-32.77687000
0.67135484,-21.94281000
0.67168818,0.15259250
0.67202153,11.09348000
0.67235487,28.39747000
0.67268821,33.20414000
0.67302156,36.77480000
0.67335490,30.51851000
0.67368825,33.66191000
0.67402159,51.21006000
0.67435493,34.88266000
0.67468828,40.10132000
0.67502162,43.30576000
0.67535497,35.98132000
0.67568831,25.29984000
0.67602165,2.47199900
0.67635500,-10.40681000
0.67668834,-19.69970000
0.67702169,-32.41066000
0.67735503,-50.66072000
0.67768837,-58.30561000
0.67802172,-53.27005000
0.67835506,-86.10797000
0.67868841,-86.45893000
0.67902175,-80.38575000
0.67935509,-88.04590000
0.67968844,-82.35419000
0.68002178,-81.71330000
0.68035513,-72.43568000
0.68068847,-76.60146000
0.68102181,-63.58531000
0.68135516,-35.67614000
0.68168850,-17.70074000
0.68202185,-7.88903400
0.68235519,10.34577000
0.68268853,14.83200000
0.68302188,23.60607000
0.68335522,48.23450000
0.68368857,47.51731000
0.68402191,26.93258000
0.68435525,37.78191000
0.68468860,37.76665000
0.68502194,28.83999000
0.68535529,40.23866000
0.68568863,33.52458000
0.68602197,17.56340000
0.68635532,1.38859200
0.68668866,-8.68251500
0.68702201,-27.37510000
0.68735535,-45.54887000
0.68768869,-65.64531000
0.68802204,-53.65154000
0.68835538,-60.48768000
0.68868873,-76.29626000
0.68902207,-65.85894000
0.68935541,-65.93523000
0.68968876,-62.36457000
0.69002210,-63.52427000
0.69035545,-63.69213000
0.69068879,-44.51125000
0.69102213,-37.88873000
0.69135548,-30.25910000
0.69168882,-19.39451000
0.69202217,0.61037020
0.69235551,18.52473000
0.69268885,24.67421000
0.69302220,29.43510000
0.69335554,44.35865000
0.69368889,47.56310000
0.69402223,32.91421000
0.69435557,39.97925000
0.69468892,38.42280000
0.69502226,38.27021000
0.69535561,26.41377000
0.69568895,21.94281000
0.69602229,17.74651000
0.69635564,-6.34784900
0.69668898,-26.61214000
0.69702233,-37.61406000
0.69735567,-54.06354000
0.69768901,-67.55272000
0.69802236,-71.84057000
0.69835570,-68.66664000
0.69868905,-84.17004000
0.69902239,-84.50574000
0.69935573,-84.36842000
0.69968908,-82.70515000
0.70002242,-82.52204000
0.70035577,-58.88546000
0.70068911,-55.68102000
0.70102245,-50.66072000
0.70135580,-36.95791000
0.70168914,-13.32133000
0.70202249,-0.03051851
0.70235583,15.62548000
0.70268917,32.70058000
0.70302252,40.14710000
0.70335586,35.61510000
0.70368921,31.32725000
0.70402255,47.83776000
0.70435589,37.87347000
0.70468924,48.55495000
0.70502258,45.96087000
0.70535593,35.32517000
0.70568927,16.34266000
0.70602262,2.59407300
0.70635596,-8.54518200
0.70668930,-27.14621000
0.70702265,-43.88562000
0.70735599,-41.23050000
0.70768934,-53.42265000
0.70802268,-65.53849000
0.70835602,-84.68886000
0.70868937,-58.82442000
0.70902271,-69.15494000
0.70935606,-70.94028000
0.70968940,-67.76635000
0.71002274,-64.45509000
0.71035609,-63.99731000
0.71068943,-58.19880000
0.71102278,-43.35154000
0.71135612,-25.33036000
0.71168946,-16.93777000
0.71202281,-6.16473900
0.71235615,4.47096200
0.71268950,17.31925000
0.71302284,20.31007000
0.71335618,31.47984000
0.71368953,45.67095000
0.71402287,32.82265000
0.71435622,46.69331000
0.71468956,33.46354000
0.71502290,40.89480000
0.71535625,32.42591000
0.71568959,29.64873000
0.71602294,2.89925800
0.71635628,-12.66518000
0.71668962,-22.73629000
0.71702297,-37.65984000
0.71735631,-45.12162000
0.71768966,-61.29642000
0.71802300,-67.87316000
0.71835634,-80.14160000
0.71868969,-80.23316000
0.71902303,-92.44056000
0.71935638,-80.41627000
0.71968972,-90.62471000
0.72002306,-92.08959000
0.72035641,-72.16101000
0.72068975,-77.68486000
0.72102310,-51.97302000
0.72135644,-25.80340000
0.72168978,-14.09955000
0.72202313,-2.82296200
0.72235647,3.41807300
0.72268982,21.80547000
0.72302316,30.99154000
0.72335650,37.49199000
0.72368985,28.06177000
0.72402319,40.74221000
0.72435654,37.87347000
0.72468988,35.34044000
0.72502322,37.58354000
0.72535657,39.56725000
0.72568991,20.20325000
0.72602326,9.24710800
0.72635660,-12.63466000
0.72668994,-20.46266000
0.72702329,-39.13999000
0.72735663,-50.81331000
0.72768998,-67.73582000
0.72802332,-69.09390000
0.72835666,-80.96561000
0.72869001,-70.43671000
0.72902335,-72.22205000
0.72935670,-67.99523000
0.72969004,-75.41123000
0.73002338,-60.42664000
0.73035673,-49.94354000
0.73069007,-39.79613000
0.73102342,-31.86132000
0.73135676,-28.22962000
0.73169010,-14.66414000
0.73202345,9.35392200
0.73235679,18.14325000
0.73269014,19.16562000
0.73302348,39.33836000
0.73335682,34.73006000
0.73369017,29.67925000
0.73402351,39.62828000
0.73435686,36.60695000
0.73469020,51.28635000
0.73502354,29.37406000
0.73535689,25.94073000
0.73569023,13.90118000
0.73602358,2.21259200
0.73635692,-16.32740000
0.73669026,-35.99658000
0.73702361,-53.57524000
0.73735695,-60.16724000
0.73769030,-65.03493000
0.73802364,-71.56590000
0.73835698,-78.18842000
0.73869033,-78.08160000
0.73902367,-94.59211000
0.73935702,-83.72752000
0.73969036,-88.93093000
0.74002370,-82.12530000
0.74035705,-72.37463000
0.74069039,-70.71139000
0.74102374,-57.90887000
0.74135708,-36.95791000
0.74169042,-21.91229000
0.74202377,-1.55644400
0.74235711,14.64888000
0.74269046,34.73006000
0.74302380,34.66903000
0.74335714,37.18680000
0.74369049,22.27851000
0.74402383,29.40458000
0.74435718,28.42799000
0.74469052,44.70961000
0.74502386,36.57643000
0.74535721,27.08518000
0.74569055,27.81762000
0.74602390,9.90325500
0.74635724,-10.52888000
0.74669058,-10.75777000
0.74702393,-32.15125000
0.74735727,-47.04428000
0.74769062,-50.43184000
0.74802396,-51.04220000
0.74835730,-66.04205000
0.74869065,-80.44679000
0.74902399,-68.17834000
0.74935734,-73.73271000
0.74969068,-76.12842000
0.75002402,-66.10309000
0.75035737,-57.22220000
0.75069071,-44.12976000
0.75102406,-45.38102000
0.75135740,-22.59896000
0.75169074,5.18814600
0.75202409,8.52992300
0.75235743,13.15348000
0.75269078,18.63155000
0.75302412,31.15940000
0.75335746,24.07910000
0.75369081,42.34443000
0.75402415,47.57835000
0.75435750,36.39332000
0.75469084,35.06577000
0.75502418,48.82961000
0.75535753,35.49303000
0.75569087,26.23066000
0.75602422,7.75170100
0.75635756,-15.42711000
0.75669090,-21.22562000
0.75702425,-37.90398000
0.75735759,-51.98828000
0.75769094,-64.34827000
0.75802428,-72.92397000
0.75835762,-78.90560000
0.75869097,-79.76012000
0.75902431,-87.77123000
0.75935766,-102.46590000
0.75969100,-80.82827000
0.76002434,-88.35108000
0.76035769,-80.78249000
0.76069103,-72.72560000
0.76102438,-61.06753000
0.76135772,-45.70147000
0.76169106,-13.06192000
0.76202441,3.60118400
0.76235775,17.62444000
0.76269110,21.74444000
0.76302444,17.10562000
0.76335778,18.37214000
0.76369113,39.61302000
0.76402447,38.13287000
0.76435782,34.97421000
0.76469116,21.30192000
0.76502450,35.32517000
0.76535785,41.91717000
0.76569119,24.84207000
0.76602454,0.76296270
0.76635788,-5.46281300
0.76669122,-21.46977000
0.76702457,-43.44310000
0.76735791,-52.46132000
0.76769126,-69.20071000
0.76802460,-70.84872000
0.76835795,-76.00634000
0.76869129,-73.19864000
0.76902463,-67.49168000
0.76935798,-78.82931000
0.76969132,-64.48560000
0.77002467,-70.23835000
0.77035801,-56.35242000
0.77069135,-45.48784000
0.77102470,-43.22947000
0.77135804,-44.41969000
0.77169139,-17.10562000
0.77202473,-3.05185100
0.77235807,10.40681000
0.77269142,20.18799000
0.77302476,27.31407000
0.77335811,35.06577000
0.77369145,47.65465000
0.77402479,31.84606000
0.77435814,39.75036000
0.77469148,43.01583000
0.77502483,21.31718000
0.77535817,26.33747000
0.77569151,19.47081000
0.77602486,8.63673800
0.77635820,-20.46266000
0.77669155,-30.41169000
0.77702489,-46.29657000
0.77735823,-56.35242000
0.77769158,-73.76323000
0.77802492,-71.07761000
0.77835827,-81.30131000
0.77869161,-91.58604000
0.77902495,-91.25034000
0.77935830,-88.18323000
0.77969164,-98.52901000
0.78002499,-83.30026000
0.78035833,-78.02057000
0.78069167,-86.33686000
0.78102502,-86.44367000
0.78135836,-65.90472000
0.78169171,-43.83984000
0.78202505,-24.44532000
0.78235839,-9.32340400
0.78269174,9.26236700
0.78302508,30.93051000
0.78335843,34.59273000
0.78369177,29.05362000
0.78402511,31.55614000
0.78435846,19.68444000
0.78469180,46.15924000
0.78502515,35.27940000
0.78535849,25.91021000
0.78569183,15.64073000
0.78602518,3.17392500
0.78635852,-8.78933000
0.78669187,-26.55110000
0.78702521,-33.84502000
0.78735855,-46.22028000
0.78769190,-63.00546000
0.78802524,-68.98709000
0.78835859,-72.90871000
0.78869193,-74.26678000
0.78902527,-69.09390000
0.78935862,-83.28500000
0.78969196,-75.71642000
0.79002531,-68.89553000
0.79035865,-70.28413000
0.79069199,-51.86620000
0.79102534,-34.30280000
0.79135868,-16.61733000
0.79169203,-14.87777000
0.79202537,-4.83718300
0.79235871,8.34681200
0.79269206,12.28370000
0.79302540,21.27140000
0.79335875,32.04443000
0.79369209,39.15525000
0.79402543,21.79021000
0.79435878,45.47258000
0.79469212,24.84207000
0.79502547,28.87051000
0.79535881,20.78310000
0.79569215,13.19925000
0.79602550,-3.64696200
0.79635884,-10.60518000
0.79669219,-33.82977000
0.79702553,-42.90902000
0.79735887,-45.12162000
0.79769222,-57.00857000
0.79802556,-69.78057000
0.79835891,-79.28709000
0.79869225,-80.06531000
0.79902559,-99.50560000
0.79935894,-82.91879000
0.79969228,-84.99404000
0.80002563,-94.88204000
0.80035897,-97.36930000
0.80069231,-81.72856000
0.80102566,-61.26590000
0.80135900,-51.83569000
0.80169235,-22.29377000
0.80202569,-3.40281400
0.80235903,8.52992300
0.80269238,13.45866000
0.80302572,17.85333000
0.80335907,18.21955000
0.80369241,36.14917000
0.80402575,32.91421000
0.80435910,22.79733000
0.80469244,28.16858000
0.80502579,33.32621000
0.80535913,41.70354000
0.80569247,26.88680000
0.80602582,7.64488600
0.80635916,-2.82296200
0.80669251,-18.72310000
0.80702585,-53.10220000
0.80735919,-55.61998000
0.80769254,-63.66161000
0.80802588,-71.16917000
0.80835923,-86.94723000
0.80869257,-82.79671000
0.80902591,-61.40324000
0.80935926,-82.23212000
0.80969260,-72.92397000
0.81002595,-71.73376000
0.81035929,-62.27301000
0.81069263,-60.65553000
0.81102598,-47.54784000
0.81135932,-45.76250000
0.81169267,-41.61198000
0.81202601,-18.21955000
0.81235935,-1.89214700
0.81269270,17.21244000
0.81302604,14.35896000
0.81335939,20.72207000
0.81369273,30.67110000
0.81402607,18.05170000
0.81435942,38.43806000
0.81469276,30.76266000
0.81502611,25.00992000
0.81535945,20.12696000
0.81569279,15.45762000
0.81602614,0.03051851
0.81635948,-16.11377000
0.81669283,-30.36592000
0.81702617,-51.48472000
0.81735951,-57.81731000
0.81769286,-69.99420000
0.81802620,-75.60960000
0.81835955,-78.31049000
0.81869289,-78.69197000
0.81902623,-104.11390000
0.81935958,-96.80470000
0.81969292,-94.86678000
0.82002627,-90.10590000
0.82035961,-98.68159000
0.82069295,-89.99908000
0.82102630,-72.23730000
0.82135964,-57.66472000
0.82169299,-26.62740000
0.82202633,-7.37022000
0.82235967,10.01007000
0.82269302,17.65496000
0.82302636,17.22770000
0.82335971,16.81570000
0.82369305,15.93066000
0.82402639,40.17762000
0.82435974,32.92947000
0.82469308,28.68740000
0.82502643,37.70562000
0.82535977,24.04858000
0.82569311,16.41896000
0.82602646,2.88399900
0.82635980,-12.02429000
0.82669315,-36.50013000
0.82702649,-36.57643000
0.82735983,-44.51125000
0.82769318,-57.75628000
0.82802652,-63.66161000
0.82835987,-68.19360000
0.82869321,-77.76115000
0.82902656,-86.30634000
0.82935990,-76.46412000
0.82969324,-70.40620000
0.83002659,-69.07864000
0.83035993,-78.60042000
0.83069328,-66.63716000
0.83102662,-48.78384000
0.83135996,-32.18177000
0.83169331,-22.29377000
0.83202665,-16.02221000
0.83236000,1.95318400
0.83269334,15.24399000
0.83302668,26.93258000
0.83336003,24.47584000
0.83369337,12.95511000
0.83402672,35.99658000
0.83436006,18.40266000
0.83469340,30.59480000
0.83502675,32.02917000
0.83536009,25.63555000
0.83569344,9.29288500
0.83602678,-2.15155500
0.83636012,-18.05170000
0.83669347,-25.52873000
0.83702681,-32.86843000
0.83736016,-54.17035000
0.83769350,-59.52635000
0.83802684,-75.44175000
0.83836019,-83.10189000
0.83869353,-83.05611000
0.83902688,-100.92470000
0.83936022,-105.50250000
0.83969356,-90.71627000
0.84002691,-107.59300000
0.84036025,-92.66945000
0.84069360,-79.18027000
0.84102694,-78.79879000
0.84136028,-63.64635000
0.84169363,-43.77880000
0.84202697,-16.75466000
0.84236032,13.59600000
0.84269366,15.51866000
0.84302700,0.44251840
0.84336035,0.36622210
0.84369369,22.73629000
0.84402704,33.12784000
0.84436038,25.48295000
0.84469372,18.49422000
0.84502707,30.28962000
0.84536041,28.77895000
0.84569376,18.89096000
0.84602710,15.80859000
0.84636044,1.44962900
0.84669379,-15.48814000
0.84702713,-28.88577000
0.84736048,-41.44413000
0.84769382,-65.15701000
0.84802716,-72.77138000
0.84836051,-77.19656000
0.84869385,-77.79168000
0.84902720,-77.62383000
0.84936054,-77.48649000
0.84969388,-74.12946000
0.85002723,-88.22900000
0.85036057,-76.12842000
0.85069392,-65.61479000
0.85102726,-49.85198000
0.85136060,-36.39332000
0.85169395,-19.33348000
0.85202729,-10.75777000
0.85236064,5.79851600
0.85269398,15.73229000
0.85302732,28.22962000
0.85336067,24.76577000
0.85369401,17.50237000
0.85402736,29.95392000
0.85436070,16.20533000
0.85469404,34.74532000
0.85502739,27.97021000
0.85536073,19.27244000
0.85569408,15.07614000
0.85602742,-2.85348100
0.85636076,-17.76177000
0.85669411,-33.99762000
0.85702745,-41.35258000
0.85736080,-54.06354000
0.85769414,-59.09909000
0.85802748,-68.04102000
0.85836083,-83.05611000
0.85869417,-92.41003000
0.85902752,-106.66220000
0.85936086,-96.46900000
0.85969420,-101.27570000
0.86002755,-95.49241000
0.86036089,-98.72737000
0.86069424,-86.73360000
0.86102758,-78.09686000
0.86136092,-62.48664000
0.86169427,-51.78991000
0.86202761,-30.45747000
0.86236096,-4.04370200
0.86269430,6.97347900
0.86302764,13.39762000
0.86336099,17.65496000
0.86369433,12.26844000
0.86402768,30.83895000
0.86436102,28.27540000
0.86469436,30.42695000
0.86502771,20.38636000
0.86536105,18.93673000
0.86569440,28.18384000
0.86602774,13.97748000
0.86636108,-4.24207300
0.86669443,-25.72710000
0.86702777,-48.76858000
0.86736112,-50.49287000
0.86769446,-71.88634000
0.86802780,-75.09079000
0.86836115,-79.66856000
0.86869449,-88.80886000
0.86902784,-75.93005000
0.86936118,-91.54026000
0.86969452,-72.37463000
0.87002787,-79.82116000
0.87036121,-73.87005000
0.87069456,-57.03909000
0.87102790,-52.65968000
0.87136124,-38.94162000
0.87169459,-22.67525000
0.87202793,-5.23392400
0.87236128,8.13318200
0.87269462,19.57762000
0.87302796,14.52681000
0.87336131,2.57881400
0.87369465,20.06592000
0.87402800,36.34754000
0.87436134,20.27955000
0.87469468,35.41673000
0.87502803,33.11258000
0.87536137,12.68044000
0.87569472,14.57259000
0.87602806,7.27866400
0.87636140,-7.08029400
0.87669475,-27.60399000
0.87702809,-46.47969000
0.87736144,-60.09094000
0.87769478,-67.97997000
0.87802812,-76.81509000
0.87836147,-82.39997000
0.87869481,-88.13745000
0.87902816,-82.61359000
0.87936150,-99.00204000
0.87969484,-92.56263000
0.88002819,-93.24930000
0.88036153,-80.09583000
0.88069488,-76.29626000
0.88102822,-79.28709000
0.88136156,-73.65642000
0.88169491,-65.87420000
0.88202825,-25.51347000
0.88236160,3.02133200
0.88269494,10.86459000
0.88302828,13.48918000
0.88336163,13.26029000
0.88369497,28.87051000
0.88402832,30.97629000
0.88436166,34.77584000
0.88469500,29.23673000
0.88502835,46.57124000
0.88536169,27.83288000
0.88569504,13.06192000
0.88602838,7.96533100
0.88636172,-7.40073800
0.88669507,-17.65496000
0.88702841,-33.41777000
0.88736176,-45.19791000
0.88769510,-56.47450000
0.88802844,-73.56486000
0.88836179,-69.01761000
0.88869513,-76.96767000
0.88902848,-89.31242000
0.88936182,-75.77745000
0.88969517,-85.68071000
0.89002851,-64.91286000
0.89036185,-84.56678000
0.89069520,-81.63701000
0.89102854,-58.76339000
0.89136189,-42.49702000
0.89169523,-25.83392000
0.89202857,-22.46162000
0.89236192,-7.00399700
0.89269526,2.53303600
0.89302861,11.47496000
0.89336195,36.07288000
0.89369529,43.99243000
0.89402864,19.79125000
0.89436198,32.34962000
0.89469533,32.27332000
0.89502867,41.12369000
0.89536201,29.74029000
0.89569536,28.06177000
0.89602870,2.92977700
0.89636205,-12.13111000
0.89669539,-17.56340000
0.89702873,-34.36384000
0.89736208,-50.49287000
0.89769542,-54.93332000
0.89802877,-65.46220000
0.89836211,-67.30857000
0.89869545,-76.54042000
0.89902880,-96.31641000
0.89936214,-80.93509000
0.89969549,-101.19940000
0.90002883,-78.27998000
0.90036217,-94.11908000
0.90069552,-91.34190000
0.90102886,-76.20471000
0.90136221,-93.06618000
0.90169555,-46.78487000
0.90202889,-13.38237000
0.90236224,2.88399900
0.90269558,19.36399000
0.90302893,27.42088000
0.90336227,41.99347000
0.90369561,35.49303000
0.90402896,37.82769000
0.90436230,43.76354000
0.90469565,30.48799000
0.90502899,34.34858000
0.90536233,44.08398000
0.90569568,30.22858000
0.90602902,8.94192300
0.90636237,2.34992500
0.90669571,-12.11585000
0.90702905,-26.13910000
0.90736240,-36.63747000
0.90769574,-46.14398000
0.90802909,-55.54368000
0.90836243,-60.31983000
0.90869577,-73.42753000
0.90902912,-70.57405000
0.90936246,-66.48457000
0.90969581,-75.07553000
0.91002915,-58.73287000
0.91036249,-59.84679000
0.91069584,-70.51302000
0.91102918,-56.61183000
0.91136253,-47.73095000
0.91169587,-35.14206000
0.91202921,-21.39347000
0.91236256,-2.79244400
0.91269590,13.61125000
0.91302925,18.98251000
0.91336259,30.07599000
0.91369593,33.15836000
0.91402928,45.93035000
0.91436262,38.56013000
0.91469597,49.94354000
0.91502931,26.53584000
0.91536265,34.51643000
0.91569600,33.34147000
0.91602934,27.11569000
0.91636269,8.77407200
0.91669603,-13.21451000
0.91702937,-28.53481000
0.91736272,-46.05243000
0.91769606,-66.36250000
0.91802941,-76.78456000
0.91836275,-75.86901000
0.91869609,-71.16917000
0.91902944,-70.84872000
0.91936278,-85.29922000
0.91969613,-80.30946000
0.92002947,-88.06116000
0.92036281,-71.52013000
0.92069616,-52.96487000
0.92102950,-62.44087000
0.92136285,-52.41553000
0.92169619,-42.31391000
0.92202953,-8.17896000
0.92236288,17.01407000
0.92269622,29.06888000
0.92302957,46.08295000
0.92336291,41.21524000
0.92369625,45.41154000
0.92402960,45.76250000
0.92436294,40.62014000
0.92469629,52.11035000
0.92502963,40.57436000
0.92536297,50.84383000
0.92569632,44.45021000
0.92602966,33.64666000
0.92636301,14.72518000
0.92669635,-3.67748000
0.92702969,-8.94192300
0.92736304,-28.16858000
0.92769638,-29.69451000
0.92802973,-47.18161000
0.92836307,-49.92828000
0.92869641,-49.85198000
0.92902976,-60.73183000
0.92936310,-57.13065000
0.92969645,-57.93939000
0.93002979,-44.20606000
0.93036313,-58.29035000
0.93069648,-63.66161000
0.93102982,-47.22739000
0.93136317,-28.90103000
0.93169651,-19.39451000
0.93202985,-19.69970000
0.93236320,-0.54933320
0.93269654,23.23984000
0.93302989,30.68636000
0.93336323,32.27332000
0.93369657,43.36680000
0.93402992,55.61998000
0.93436326,47.62413000
0.93469661,60.30457000
0.93502995,47.18161000
0.93536329,49.80621000
0.93569664,56.21509000
0.93602998,39.93347000
0.93636333,29.49614000
0.93669667,5.64592400
0.93703001,-16.58681000
0.93736336,-29.64873000
0.93769670,-40.97110000
0.93803005,-43.12265000
0.93836339,-54.59761000
0.93869673,-62.94442000
0.93903008,-66.19464000
0.93936342,-73.87005000
0.93969677,-63.73790000
0.94003011,-78.26472000
0.94036345,-65.40116000
0.94069680,-57.52739000
0.94103014,-47.82250000
0.94136349,-31.18991000
0.94169683,-3.79955400
0.94203017,8.49940400
0.94236352,22.78207000
0.94269686,39.44517000
0.94303021,52.38502000
0.94336355,52.88857000
0.94369689,53.20902000
0.94403024,53.48368000
0.94436358,64.42457000
0.94469693,54.88754000
0.94503027,64.54664000
0.94536361,73.97686000
0.94569696,48.52443000
0.94603030,41.35258000
0.94636365,26.49006000
0.94669699,9.91851500
0.94703033,-7.44651600
0.94736368,-15.24399000
0.94769702,-20.00488000
0.94803037,-29.00784000
0.94836371,-37.78191000
0.94869705,-49.71465000
0.94903040,-54.61287000
0.94936374,-40.87954000
0.94969709,-53.07169000
0.95003043,-33.76873000
0.95036377,-40.81850000
0.95069712,-43.44310000
0.95103046,-31.34251000
0.95136381,-9.65910700
0.95169715,-5.64592400
0.95203050,3.60118400
0.95236384,24.94888000
0.95269718,36.30176000
0.95303053,49.91302000
0.95336387,60.94546000
0.95369722,73.24442000
0.95403056,59.02280000
0.95436390,68.57509000
0.95469725,71.01657000
0.95503059,74.72456000
0.95536394,64.60768000
0.95569728,43.96191000
0.95603062,40.05554000
0.95636397,32.15125000
0.95669731,16.34266000
0.95703066,-3.35703600
0.95736400,-11.42918000
0.95769734,-31.54088000
0.95803069,-36.39332000
0.95836403,-44.03821000
0.95869738,-48.03613000
0.95903072,-43.58043000
0.95936406,-57.77153000
0.95969741,-62.37983000
0.96003075,-52.99539000
0.96036410,-46.38813000
0.96069744,-31.75451000
0.96103078,-42.35969000
0.96136413,-29.75555000
0.96169747,-16.75466000
0.96203082,12.22266000
0.96236416,45.18265000
0.96269750,55.26902000
0.96303085,67.17123000
0.96336419,79.86694000
0.96369754,67.03391000
0.96403088,69.78057000
0.96436422,86.26056000
0.96469757,68.20886000
0.96503091,76.69301000
0.96536426,82.17108000
0.96569760,60.39613000
0.96603094,53.55998000
0.96636429,38.75851000
0.96669763,23.56029000
0.96703098,17.74651000
0.96736432,-0.80874040
0.96769766,-12.11585000
0.96803101,-25.86444000
0.96836435,-33.32621000
0.96869770,-32.13599000
0.96903104,-36.88161000
0.96936438,-27.72606000
0.96969773,-41.50517000
0.97003107,-35.01999000
0.97036442,-25.25406000
0.97069776,-31.25095000
0.97103110,-23.85021000
0.97136445,-16.51051000
0.97169779,0.85451820
0.97203114,24.30799000
0.97236448,37.38517000
0.97269782,54.24665000
0.97303117,66.98812000
0.97336451,63.96679000
0.97369786,62.53242000
0.97403120,74.02264000
0.97436454,84.30737000
0.97469789,72.75612000
0.97503123,74.48042000
0.97536458,87.03878000
0.97569792,72.81715000
0.97603126,58.41242000
0.97636461,47.91405000
0.97669795,31.32725000
0.97703130,18.61629000
0.97736464,14.28266000
0.97769798,-6.91244200
0.97803133,-18.12799000
0.97836467,-25.65080000
0.97869802,-41.99347000
0.97903136,-39.82665000
0.97936470,-38.98739000
0.97969805,-55.17746000
0.98003139,-43.58043000
0.98036474,-43.03109000
0.98069808,-41.53569000
0.98103142,-40.54384000
0.98136477,-30.28962000
0.98169811,-9.70488500
0.98203146,9.84221800
0.98236480,23.66710000
0.98269814,45.67095000
0.98303149,65.05019000
0.98336483,70.37568000
0.98369818,76.26575000
0.98403152,85.84856000
0.98436486,76.38783000
0.98469821,93.00515000
0.98503155,75.30441000
0.98536490,87.25241000
0.98569824,77.44071000
0.98603158,76.69301000
0.98636493,60.16724000
0.98669827,46.41865000
0.98703162,25.45243000
0.98736496,14.74044000
0.98769830,-6.94296000
0.98803165,-14.26740000
0.98836499,-18.05170000
0.98869834,-25.92547000
0.98903168,-29.69451000
0.98936502,-22.18696000
0.98969837,-32.24280000
0.99003171,-28.91629000
0.99036506,-33.57036000
0.99069840,-17.86859000
0.99103174,-7.58384900
0.99136509,15.28977000
0.99169843,19.77599000
0.99203178,32.74636000
0.99236512,38.02606000
0.99269846,49.68413000
0.99303181,58.54976000
0.99336515,70.13153000
0.99369850,86.56575000
0.99403184,91.43345000
0.99436518,85.11612000
0.99469853,86.84042000
0.99503187,76.31153000
0.99536522,91.98278000
0.99569856,74.11420000
0.99603190,77.83746000
0.99636525,62.86813000
0.99669859,44.69436000
0.99703194,33.02102000
0.99736528,18.79940000
0.99769862,0.41199990
0.99803197,-10.78829000
0.99836531,-21.45451000
0.99869866,-20.96622000
0.99903200,-33.81451000
0.99936534,-31.00680000
0.99969869,-43.33628000
1.00003203,-37.58354000
1.00036538,-43.04636000
1.00069872,-29.05362000
1.00103206,-22.41584000
1.00136541,-22.44636000
1.00169875,5.15762800
1.00203210,20.98147000
1.00236544,27.23777000
1.00269878,44.08398000
1.00303213,72.32886000
1.00336547,72.14575000
1.00369882,83.30026000
1.00403216,97.35404000
1.00436550,83.43760000
1.00469885,98.34589000
1.00503219,88.33582000
1.00536554,91.87596000
1.00569888,87.71019000
1.00603222,77.83746000
1.00636557,71.38279000
1.00669891,52.58339000
1.00703226,36.21021000
1.00736560,23.05673000
1.00769894,11.96325000
1.00803229,-2.56355500
1.00836563,2.21259200
1.00869898,-6.19525700
1.00903232,-33.26517000
1.00936566,-12.43629000
1.00969901,-28.77895000
1.01003235,-17.12088000
1.01036570,-26.49006000
1.01069904,-8.04162700
1.01103238,3.23496200
1.01136573,21.45451000
1.01169907,17.63970000
1.01203242,36.48487000
1.01236576,54.65865000
1.01269911,69.07864000
1.01303245,75.07553000
1.01336579,91.63181000
1.01369914,94.79048000
1.01403248,104.46490000
1.01436583,95.15671000
1.01469917,99.36826000
1.01503251,102.58800000
1.01536586,79.18027000
1.01569920,92.30322000
1.01603255,84.61256000
1.01636589,69.94842000
1.01669923,55.75731000
1.01703258,41.79509000
1.01736592,19.95910000
1.01769927,9.88799700
1.01803261,4.54725700
1.01836595,-4.95925800
1.01869930,1.35807400
1.01903264,-21.80547000
1.01936599,-30.33540000
1.01969933,-29.45036000
1.02003267,-37.52250000
1.02036602,-23.37718000
1.02069936,-2.50251800
1.02103271,7.43125700
1.02136605,4.37940600
1.02169939,15.85437000
1.02203274,35.98132000
1.02236608,59.89257000
1.02269943,71.36753000
1.02303277,84.68886000
1.02336611,104.93790000
1.02369946,112.50650000
1.02403280,106.70800000
1.02436615,91.69286000
1.02469949,103.65610000
1.02503283,96.13330000
1.02536618,95.75182000
1.02569952,101.01630000
1.02603287,98.69685000
1.02636621,78.96664000
1.02669955,61.44901000
1.02703290,51.02694000
1.02736624,39.46043000
1.02769959,21.28666000
1.02803293,8.37733000
1.02836627,-1.25125900
1.02869962,4.57777600
1.02903296,-6.43940500
1.02936631,-6.27155400
1.02969965,-3.96740600
1.03003299,-3.84533200
1.03036634,3.34177700
1.03069968,6.89718300
1.03103303,17.31925000
1.03136637,28.29066000
1.03169971,46.23554000
1.03203306,55.07065000
1.03236640,64.40931000
1.03269975,80.20264000
1.03303309,99.91759000
1.03336643,108.98160000
1.03369978,106.14340000
1.03403312,96.66737000
1.03436647,109.01210000
1.03469981,108.05080000
1.03503315,107.62350000
1.03536650,96.10278000
1.03569984,93.70708000
1.03603319,84.94827000
1.03636653,81.49968000
1.03669987,66.89657000
1.03703322,42.45124000
1.03736656,32.59377000
1.03769991,21.01199000
1.03803325,5.29496100
1.03836659,-7.23288600
1.03869994,-11.27659000
1.03903328,-3.18918400
1.03936663,-22.44636000
1.03969997,-15.93066000
1.04003331,-19.10459000
1.04036666,-12.80251000
1.04070000,-16.05273000
1.04103335,-13.79437000
1.04136669,-2.02948100
1.04170003,11.20029000
1.04203338,37.49199000
1.04236672,59.55687000
1.04270007,79.18027000
1.04303341,90.09064000
1.04336675,95.90441000
1.04370010,110.29390000
1.04403344,116.67230000
1.04436679,118.39660000
1.04470013,110.17180000
1.04503347,124.42400000
1.04536682,119.17480000
1.04570016,109.77510000
1.04603351,99.38352000
1.04636685,87.35923000
1.04670019,75.41123000
1.04703354,59.03806000
1.04736688,37.40043000
1.04770023,24.14014000
1.04803357,17.21244000
1.04836691,17.09036000
1.04870026,1.22074000
1.04903360,6.46992300
1.04936695,17.09036000
1.04970029,2.44148100
1.05003363,10.98666000
1.05036698,23.33140000
1.05070032,9.50651600
1.05103367,22.52266000
1.05136701,27.23777000
1.05170035,45.54887000
1.05203370,53.20902000
1.05236704,74.03790000
1.05270039,96.81997000
1.05303373,115.10050000
1.05336707,116.58070000
1.05370042,116.85540000
1.05403376,117.49630000
1.05436711,128.66600000
1.05470045,113.28470000
1.05503379,135.89890000
1.05536714,124.74440000
1.05570048,111.72830000
1.05603383,106.78430000
1.05636717,102.09970000
1.05670051,85.31448000
1.05703386,66.60664000
1.05736720,45.53362000
1.05770055,32.41066000
1.05803389,19.92859000
1.05836723,13.59600000
1.05870058,6.54622000
1.05903392,21.69866000
1.05936727,0.53407390
1.05970061,-0.06103702
1.06003395,9.94903400
1.06036730,14.46577000
1.06070064,5.06607200
1.06103399,12.74148000
1.06136733,20.31007000
1.06170067,45.59465000
1.06203402,58.38190000
1.06236736,82.68990000
1.06270071,103.45770000
1.06303405,120.05980000
1.06336739,121.29580000
1.06370074,118.62540000
1.06403408,130.98540000
1.06436743,140.12570000
1.06470077,137.54690000
1.06503411,134.61710000
1.06536746,153.61490000
1.06570080,134.05260000
1.06603415,118.44230000
1.06636749,110.95000000
1.06670083,98.52901000
1.06703418,81.85063000
1.06736752,68.88027000
1.06770087,62.39509000
1.06803421,50.29450000
1.06836755,35.52354000
1.06870090,26.76473000
1.06903424,23.45347000
1.06936759,26.35273000
1.06970093,41.88665000
1.07003427,31.52562000
1.07036762,35.32517000
1.07070096,50.76754000
1.07103431,50.44709000
1.07136765,71.42857000
1.07170099,89.48026000
1.07203434,98.14752000
1.07236768,114.96320000
1.07270103,132.00780000
1.07303437,140.06470000
1.07336771,149.78480000
1.07370106,151.79910000
1.07403440,150.63930000
1.07436775,153.11140000
1.07470109,143.37600000
1.07503444,161.38190000
1.07536778,146.12260000
1.07570112,146.32100000
1.07603447,141.92630000
1.07636781,131.77890000
1.07670116,112.79640000
1.07703450,96.27063000
1.07736784,79.66856000
1.07770119,65.43168000
1.07803453,57.72576000
1.07836788,44.78591000
1.07870122,32.07495000
1.07903456,38.22443000
1.07936791,37.43095000
1.07970125,19.51659000
1.08003460,30.86947000
1.08036794,20.47792000
1.08070128,43.80932000
1.08103463,55.43687000
1.08136797,55.36057000
1.08170132,63.38694000
1.08203466,89.25138000
1.08236800,123.12690000
1.08270135,147.78590000
1.08303469,152.98930000
1.08336804,140.36990000
1.08370138,138.32510000
1.08403472,156.08690000
1.08436807,174.47430000
1.08470141,163.77760000
1.08503476,166.09700000
1.08536810,174.81000000
1.08570144,159.38290000
1.08603479,142.23150000
1.08636813,145.80220000
1.08670148,131.94680000
1.08703482,113.74250000
1.08736816,107.28780000
1.08770151,94.85152000
1.08803485,79.63805000
1.08836820,68.60561000
1.08870154,62.19672000
1.08903488,48.49391000
1.08936823,60.09094000
1.08970157,72.86293000
1.09003492,63.11227000
1.09036826,75.68590000
1.09070160,78.18842000
1.09103495,72.03894000
1.09136829,88.71730000
1.09170164,95.52293000
1.09203498,101.24510000
1.09236832,123.18800000
1.09270167,145.81740000
1.09303501,159.24560000
1.09336836,175.03890000
1.09370170,181.96660000
1.09403504,196.26450000
1.09436839,173.43670000
1.09470173,183.87400000
1.09503508,180.45590000
1.09536842,180.54750000
1.09570176,182.83640000
1.09603511,171.37670000
1.09636845,154.07270000
1.09670180,145.42070000
1.09703514,131.70260000
1.09736848,115.71090000
1.09770183,94.22589000
1.09803517,86.96249000
1.09836852,75.39597000
1.09870186,64.11938000
1.09903520,75.86901000
1.09936855,63.96679000
1.09970189,52.75124000
1.10003524,57.32902000
1.10036858,64.54664000
1.10070192,83.86486000
1.10103527,82.58308000
1.10136861,78.35627000
1.10170196,93.35611000
1.10203530,104.83110000
1.10236864,137.10440000
1.10270199,158.52840000
1.10303533,159.32190000
1.10336868,172.50590000
1.10370202,183.70610000
1.10403536,199.13330000
1.10436871,198.44660000
1.10470205,200.21670000
1.10503540,192.52600000
1.10536874,197.21060000
1.10570208,198.56870000
1.10603543,196.37130000
1.10636877,192.55650000
1.10670212,168.12640000
1.10703546,150.91400000
1.10736880,136.55510000
1.10770215,126.59080000
1.10803549,109.74460000
1.10836884,91.87596000
1.10870218,87.52708000
1.10903552,78.20367000
1.10936887,93.44767000
1.10970221,93.29507000
1.11003556,100.54320000
1.11036890,100.66530000
1.11070224,110.15660000
1.11103559,100.22280000
1.11136893,111.94190000
1.11170228,126.43820000
1.11203562,143.87950000
1.11236896,158.13170000
1.11270231,164.57100000
1.11303565,181.93610000
1.11336900,204.61130000
1.11370234,214.66720000
1.11403568,225.22660000
1.11436903,200.75070000
1.11470237,215.91840000
1.11503572,207.63270000
1.11536906,209.54010000
1.11570240,214.68240000
1.11603575,206.25930000
1.11636909,193.97560000
1.11670244,173.28410000
1.11703578,162.98410000
1.11736912,152.15000000
1.11770247,126.85020000
1.11803581,126.97230000
1.11836916,110.47700000
1.11870250,105.04470000
1.11903584,96.63686000
1.11936919,94.88204000
1.11970253,88.10693000
1.12003588,86.59627000
1.12036922,74.28204000
1.12070256,104.52590000
1.12103591,119.96830000
1.12136925,114.96320000
1.12170260,121.70780000
1.12203594,141.49910000
1.12236928,170.70530000
1.12270263,194.32660000
1.12303597,205.75580000
1.12336932,202.38350000
1.12370266,209.31120000
1.12403600,224.52470000
1.12436935,230.33840000
1.12470269,228.61410000
1.12503604,229.37710000
1.12536938,239.64660000
1.12570272,229.17870000
1.12603607,212.95810000
1.12636941,205.45060000
1.12670276,197.57680000
1.12703610,182.82110000
1.12736944,164.57100000
1.12770279,160.05430000
1.12803613,146.70250000
1.12836948,134.12880000
1.12870282,123.66100000
1.12903616,121.14320000
1.12936951,116.67230000
1.12970285,127.15540000
1.13003620,120.96010000
1.13036954,129.06280000
1.13070288,118.45760000
1.13103623,127.35370000
1.13136957,138.38620000
1.13170292,174.84050000
1.13203626,186.78850000
1.13236960,199.77420000
1.13270295,213.75160000
1.13303629,230.61310000
1.13336964,234.21430000
1.13370298,235.29770000
1.13403632,232.00170000
1.13436967,241.58450000
1.13470301,255.21100000
1.13503636,244.78890000
1.13536970,239.87550000
1.13570305,238.16640000
1.13603639,240.65370000
1.13636973,224.02110000
1.13670308,213.76690000
1.13703642,195.62360000
1.13736977,171.19360000
1.13770311,155.11030000
1.13803645,145.13080000
1.13836980,133.99150000
1.13870314,128.14720000
1.13903649,116.50440000
1.13936983,121.63150000
1.13970317,127.65890000
1.14003652,101.76400000
1.14036986,122.27240000
1.14070321,128.80340000
1.14103655,126.83490000
1.14136989,137.31800000
1.14170324,142.88770000
1.14203658,168.73680000
1.14236993,199.36220000
1.14270327,211.03550000
1.14303661,232.71890000
1.14336996,245.38410000
1.14370330,260.67380000
1.14403665,255.36360000
1.14436999,257.89660000
1.14470333,257.51520000
1.14503668,252.37280000
1.14537002,253.16630000
1.14570337,260.24660000
1.14603671,256.85900000
1.14637005,249.90080000
1.14670340,231.14720000
1.14703674,213.75160000
1.14737009,188.51280000
1.14770343,181.26470000
1.14803677,168.73680000
1.14837012,157.99430000
1.14870346,145.95480000
1.14903681,146.21420000
1.14937015,153.82850000
1.14970349,160.14590000
1.15003684,148.54880000
1.15037018,155.36970000
1.15070353,158.94040000
1.15103687,155.65970000
1.15137021,156.25480000
1.15170356,178.10600000
1.15203690,187.78040000
1.15237025,206.48820000
1.15270359,221.24390000
1.15303693,235.95380000
1.15337028,250.09920000
1.15370362,266.73180000
1.15403697,271.46210000
1.15437031,260.64330000
1.15470365,274.49870000
1.15503700,261.40630000
1.15537034,277.82520000
1.15570369,271.76730000
1.15603703,264.85490000
1.15637037,248.60380000
1.15670372,233.87860000
1.15703706,223.89900000
1.15737041,209.29590000
1.15770375,189.35210000
1.15803709,179.12840000
1.15837044,164.64730000
1.15870378,152.72990000
1.15903713,161.91600000
1.15937047,151.67700000
1.15970381,136.15830000
1.16003716,145.83270000
1.16037050,141.97210000
1.16070385,159.61180000
1.16103719,156.95670000
1.16137053,161.99220000
1.16170388,177.35830000
1.16203722,184.30130000
1.16237057,219.48910000
1.16270391,240.15010000
1.16303725,247.44410000
1.16337060,257.92720000
1.16370394,269.69200000
1.16403729,282.43350000
1.16437063,277.45900000
1.16470397,291.84850000
1.16503732,274.36140000
1.16537066,287.04180000
1.16570401,283.77640000
1.16603735,274.95650000
1.16637069,264.85490000
1.16670404,259.05630000
1.16703738,240.63840000
1.16737073,222.58670000
1.16770407,212.71400000
1.16803741,200.84230000
1.16837076,176.91580000
1.16870410,171.46820000
1.16903745,178.62480000
1.16937079,175.13050000
1.16970413,164.70840000
1.17003748,176.96160000
1.17037082,170.24750000
1.17070417,186.91060000
1.17103751,181.09680000
1.17137085,189.77930000
1.17170420,206.57980000
1.17203754,214.37730000
1.17237089,233.49710000
1.17270423,246.36070000
1.17303757,272.27090000
1.17337092,276.34510000
1.17370426,275.38380000
1.17403761,288.29310000
1.17437095,295.72430000
1.17470429,293.32860000
1.17503764,297.61650000
1.17537098,289.62060000
1.17570433,285.98900000
1.17603767,286.67560000
1.17637101,262.87120000
1.17670436,248.83270000
1.17703770,234.12270000
1.17737105,216.29990000
1.17770439,210.66930000
1.17803773,192.51070000
1.17837108,193.09060000
1.17870442,191.27470000
1.17903777,178.48750000
1.17937111,165.56290000
1.17970445,173.80290000
1.18003780,169.98810000
1.18037114,164.70840000
1.18070449,153.09610000
1.18103783,190.34390000
1.18137117,193.13640000
1.18170452,197.56160000
1.18203786,227.95800000
1.18237121,256.29440000
1.18270455,272.53030000
1.18303789,281.02970000
1.18337124,288.15580000
1.18370458,290.01740000
1.18403793,292.13840000
1.18437127,315.45460000
1.18470461,302.22480000
1.18503796,316.38540000
1.18537130,306.66520000
1.18570465,304.84940000
1.18603799,306.22270000
1.18637133,293.60330000
1.18670468,284.14260000
1.18703802,266.59440000
1.18737137,244.94150000
1.18770471,222.26630000
1.18803805,216.63560000
1.18837140,199.80470000
1.18870474,193.38050000
1.18903809,189.59620000
1.18937143,199.66730000
1.18970477,190.49650000
1.19003812,204.32140000
1.19037146,184.60640000
1.19070481,205.13010000
1.19103815,207.52580000
1.19137149,212.65300000
1.19170484,230.47580000
1.19203818,242.86630000
1.19237153,257.80510000
1.19270487,275.38380000
1.19303821,292.79460000
1.19337156,288.62880000
1.19370490,299.15770000
1.19403825,309.88490000
1.19437159,312.90630000
1.19470493,307.58080000
1.19503828,314.38640000
1.19537162,309.79340000
1.19570497,311.41090000
1.19603831,304.84940000
1.19637166,294.74770000
1.19670500,271.15700000
1.19703834,263.43580000
1.19737169,242.69840000
1.19770503,233.78700000
1.19803838,223.56330000
1.19837172,205.87790000
1.19870506,202.67340000
1.19903841,192.31240000
1.19937175,188.71120000
1.19970510,188.97060000
1.20003844,187.47520000
1.20037178,199.53000000
1.20070513,175.26780000
1.20103847,198.76700000
1.20137182,207.46480000
1.20170516,214.31620000
1.20203850,242.60690000
1.20237185,257.69830000
1.20270519,274.59030000
1.20303854,299.87480000
1.20337188,319.33040000
1.20370522,327.75350000
1.20403857,321.63460000
1.20437191,306.17690000
1.20470526,327.75350000
1.20503860,322.13810000
1.20537194,323.58770000
1.20570529,322.45860000
1.20603863,321.14630000
1.20637198,301.96540000
1.20670532,293.84740000
1.20703866,283.54750000
1.20737201,267.90670000
1.20770535,247.71870000
1.20803870,250.28230000
1.20837204,237.15930000
1.20870538,217.47490000
1.20903873,221.19810000
1.20937207,202.97860000
1.20970542,212.79030000
1.21003876,216.60510000
1.21037210,210.86760000
1.21070545,218.60410000
1.21103879,236.24380000
1.21137214,247.41350000
1.21170548,249.10730000
1.21203882,267.37270000
1.21237217,290.99400000
1.21270551,307.71810000
1.21303886,321.25310000
1.21337220,323.45040000
1.21370554,320.56640000
1.21403889,320.59690000
1.21437223,332.45330000
1.21470558,339.32000000
1.21503892,331.96510000
1.21537226,329.47780000
1.21570561,341.54790000
1.21603895,333.38420000
1.21637230,315.60710000
1.21670564,305.84120000
1.21703898,283.74580000
1.21737233,276.69600000
1.21770567,262.06240000
1.21803902,241.43190000
1.21837236,231.36080000
1.21870570,225.31810000
1.21903905,222.17470000
1.21937239,225.02820000
1.21970574,200.85760000
1.22003908,206.09150000
1.22037242,196.47810000
1.22070577,219.15340000
1.22103911,226.18790000
1.22137246,218.29890000
1.22170580,229.19400000
1.22203914,242.07280000
1.22237249,266.39610000
1.22270583,280.15990000
1.22303918,292.64200000
1.22337252,310.84630000
1.22370586,330.07290000
1.22403921,333.53680000
1.22437255,350.06250000
1.22470590,334.37600000
1.22503924,342.70760000
1.22537258,337.29050000
1.22570593,346.26300000
1.22603927,343.22640000
1.22637262,327.81450000
1.22670596,315.75970000
1.22703930,307.12300000
1.22737265,288.50670000
1.22770599,268.08980000
1.22803934,252.46440000
1.22837268,234.77890000
1.22870602,230.61310000
1.22903937,229.48390000
1.22937271,223.57860000
1.22970606,218.98550000
1.23003940,233.54290000
1.23037274,208.02940000
1.23070609,239.12780000
1.23103943,241.99650000
1.23137278,247.30670000
1.23170612,258.58330000
1.23203946,275.62790000
1.23237281,299.99690000
1.23270615,326.04450000
1.23303950,318.55220000
1.23337284,334.86430000
1.23370618,344.55400000
1.23403953,338.43500000
1.23437287,335.44420000
1.23470622,354.22830000
1.23503956,336.75650000
1.23537290,351.23750000
1.23570625,344.73710000
1.23603959,328.42490000
1.23637294,317.48400000
1.23670628,300.48520000
1.23703962,286.82820000
1.23737297,276.10100000
1.23770631,267.67780000
1.23803966,248.32910000
1.23837300,236.12170000
1.23870634,224.43310000
1.23903969,228.56840000
1.23937303,212.54610000
1.23970638,217.49010000
1.24003972,202.53610000
1.24037306,223.02930000
1.24070641,206.88500000
1.24103975,225.11980000
1.24137310,240.95890000
1.24170644,230.85730000
1.24203978,255.05840000
1.24237313,271.79780000
1.24270647,294.67140000
1.24303982,305.94800000
1.24337316,328.36390000
1.24370650,325.80040000
1.24403985,346.30880000
1.24437319,358.15000000
1.24470654,337.73310000
1.24503988,357.23440000
1.24537322,345.14900000
1.24570657,348.29250000
1.24603991,356.79190000
1.24637326,338.52660000
1.24670660,323.13000000
1.24703994,303.84230000
1.24737329,293.14550000
1.24770663,273.93410000
1.24803998,261.25370000
1.24837332,243.12570000
1.24870666,250.69430000
1.24904001,242.01180000
1.24937335,229.88070000
1.24970670,227.46970000
1.25004004,243.11040000
1.25037338,223.91430000
1.25070673,244.23960000
1.25104007,245.85710000
1.25137342,247.10840000
1.25170676,252.60170000
1.25204010,278.22200000
1.25237345,302.43840000
1.25270679,318.62850000
1.25304014,337.90090000
1.25337348,345.31690000
1.25370682,342.43290000
1.25404017,344.49290000
1.25437351,345.62210000
1.25470686,356.16630000
1.25504020,352.10730000
1.25537354,353.28230000
1.25570689,342.38710000
1.25604023,337.50420000
1.25637358,329.50830000
1.25670692,307.97750000
1.25704026,297.23500000
1.25737361,276.05520000
1.25770695,261.55890000
1.25804030,249.68720000
1.25837364,240.27220000
1.25870699,231.75760000
1.25904033,220.17580000
1.25937367,224.72300000
1.25970702,228.17160000
1.26004036,211.63060000
1.26037371,225.21130000
1.26070705,221.19810000
1.26104039,223.74640000
1.26137374,228.53780000
1.26170708,241.55400000
1.26204043,246.77260000
1.26237377,275.32270000
1.26270711,304.07110000
1.26304046,315.36300000
1.26337380,323.17580000
1.26370715,343.13480000
1.26404049,349.34540000
1.26437383,358.22630000
1.26470718,335.59680000
1.26504052,353.61800000
1.26537387,348.24670000
1.26570721,348.18570000
1.26604055,345.86620000
1.26637390,340.08300000
1.26670724,321.23780000
1.26704059,306.63470000
1.26737393,292.33680000
1.26770727,272.13350000
1.26804062,257.92720000
1.26837396,256.44700000
1.26870731,243.49190000
1.26904065,234.88570000
1.26937399,227.68330000
1.26970734,216.98660000
1.27004068,236.45740000
1.27037403,207.83100000
1.27070737,232.88670000
1.27104071,236.19800000
1.27137406,244.37690000
1.27170740,250.98420000
1.27204075,261.60460000
1.27237409,283.94420000
1.27270743,314.34060000
1.27304078,329.08110000
1.27337412,340.44920000
1.27370747,339.36580000
1.27404081,341.30370000
1.27437415,339.19790000
1.27470750,345.43900000
1.27504084,341.09010000
1.27537419,350.73390000
1.27570753,336.75650000
1.27604087,333.65880000
1.27637422,318.21650000
1.27670756,309.67130000
1.27704091,294.42730000
1.27737425,275.21590000
1.27770759,259.69720000
1.27804094,235.66390000
1.27837428,229.36180000
1.27870763,217.33760000
1.27904097,214.37730000
1.27937431,214.81980000
1.27970766,205.09960000
1.28004100,199.42320000
1.28037435,204.65710000
1.28070769,192.22080000
1.28104103,209.64690000
1.28137438,224.89090000
1.28170772,222.73930000
1.28204107,248.06970000
1.28237441,279.74790000
1.28270775,293.40490000
1.28304110,307.65710000
1.28337444,305.44450000
1.28370779,320.06290000
1.28404113,344.21820000
1.28437447,328.39440000
1.28470782,327.73830000
1.28504116,338.34340000
1.28537451,335.07790000
1.28570785,329.69140000
1.28604119,340.31190000
1.28637454,323.51140000
1.28670788,308.48110000
1.28704123,284.89030000
1.28737457,266.91490000
1.28770791,265.60260000
1.28804126,247.01680000
1.28837460,224.70780000
1.28870795,215.73530000
1.28904129,211.35590000
1.28937463,212.17990000
1.28970798,215.70480000
1.29004132,203.98570000
1.29037467,212.36300000
1.29070801,219.15340000
1.29104135,210.24200000
1.29137470,217.41380000
1.29170804,216.91030000
1.29204139,229.40760000
1.29237473,255.30260000
1.29270807,271.85890000
1.29304142,296.34990000
1.29337476,304.02540000
1.29370811,318.23180000
1.29404145,314.03550000
1.29437479,328.13500000
1.29470814,321.51250000
1.29504148,314.00490000
1.29537483,325.44940000
1.29570817,333.85720000
1.29604151,321.98550000
1.29637486,306.77200000
1.29670820,296.02950000
1.29704155,271.70630000
1.29737489,262.23030000
1.29770823,244.17860000
1.29804158,229.65180000
1.29837492,212.27150000
1.29870827,204.06200000
1.29904161,212.45460000
1.29937495,186.49860000
1.29970830,178.83850000
1.30004164,187.76510000
1.30037499,179.21990000
1.30070833,191.47310000
1.30104167,207.75470000
1.30137502,203.87890000
1.30170836,205.83210000
1.30204171,228.40050000
1.30237505,247.12360000
1.30270839,268.01350000
1.30304174,284.84450000
1.30337508,302.78940000
1.30370843,307.09250000
1.30404177,303.62860000
1.30437511,299.56970000
1.30470846,326.85320000
1.30504180,299.17290000
1.30537515,321.02420000
1.30570849,310.72420000
1.30604183,304.65100000
1.30637518,287.17920000
1.30670852,287.82010000
1.30704187,268.89860000
1.30737521,247.64240000
1.30770855,234.96200000
1.30804190,216.80350000
1.30837524,203.16170000
1.30870859,190.52700000
1.30904193,191.38160000
1.30937527,196.46290000
1.30970862,195.47100000
1.31004196,189.93190000
1.31037531,197.56160000
1.31070865,185.52200000
1.31104199,187.55150000
1.31137534,193.19740000
1.31170868,214.33150000
1.31204203,234.53470000
1.31237537,232.49000000
1.31270871,241.93550000
1.31304206,260.55180000
1.31337540,276.66550000
1.31370875,282.06730000
1.31404209,290.12420000
1.31437543,311.01410000
1.31470878,306.97040000
1.31504212,301.58390000
1.31537547,301.75170000
1.31570881,306.77200000
1.31604215,292.80980000
1.31637550,274.19350000
1.31670884,278.63400000
1.31704219,257.37780000
1.31737553,232.96300000
1.31770887,211.95100000
1.31804222,202.01730000
1.31837556,190.38970000
1.31870891,172.58220000
1.31904225,172.44480000
1.31937560,173.36040000
1.31970894,155.00350000
1.32004228,159.10820000
1.32037563,164.47950000
1.32070897,162.26690000
1.32104232,162.41950000
1.32137566,173.23830000
1.32170900,177.61770000
1.32204235,189.70300000
1.32237569,207.80050000
1.32270904,227.69860000
1.32304238,248.49690000
1.32337572,257.31680000
1.32370907,264.12240000
1.32404241,281.99100000
1.32437576,289.05600000
1.32470910,289.30020000
1.32504244,283.68480000
1.32537579,283.85270000
1.32570913,294.21370000
1.32604248,272.65230000
1.32637582,270.54660000
1.32670916,258.53750000
1.32704251,241.61500000
1.32737585,221.94580000
1.32770920,212.39360000
1.32804254,194.50970000
1.32837588,178.48750000
1.32870923,177.81610000
1.32904257,166.05120000
1.32937592,166.63100000
1.32970926,169.02670000
1.33004260,153.03500000
1.33037595,178.44170000
1.33070929,175.16100000
1.33104264,169.97280000
1.33137598,175.25250000
1.33170932,193.51790000
1.33204267,191.76300000
1.33237601,216.14730000
1.33270936,220.38940000
1.33304270,224.90610000
1.33337604,242.66790000
1.33370939,265.67890000
1.33404273,266.60970000
1.33437608,286.09580000
1.33470942,282.20470000
1.33504276,265.61780000
1.33537611,279.45800000
1.33570945,268.10510000
1.33604280,257.45410000
1.33637614,267.12850000
1.33670948,246.91000000
1.33704283,227.50020000
1.33737617,212.40880000
1.33770952,199.97250000
1.33804286,179.61670000
1.33837620,164.64730000
1.33870955,157.50600000
1.33904289,148.97610000
1.33937624,161.53450000
1.33970958,139.72900000
1.34004292,141.66690000
1.34037627,140.56830000
1.34070961,136.73820000
1.34104296,141.45330000
1.34137630,136.69240000
1.34170964,150.18160000
1.34204299,157.27710000
1.34237633,174.04700000
1.34270968,208.74660000
1.34304302,239.35670000
1.34337636,238.88360000
1.34370971,243.55290000
1.34404305,239.81440000
1.34437640,249.35150000
1.34470974,270.51610000
1.34504308,259.48360000
1.34537643,256.41650000
1.34570977,256.37070000
1.34604312,248.06970000
1.34637646,248.81740000
1.34670980,241.58450000
1.34704315,225.22660000
1.34737649,207.15960000
1.34770984,189.06210000
1.34804318,165.34930000
1.34837652,153.34020000
1.34870987,145.35960000
1.34904321,149.72380000
1.34937656,147.75540000
1.34970990,134.02200000
1.35004324,143.31490000
1.35037659,140.24780000
1.35070993,161.70230000
1.35104328,158.25370000
1.35137662,147.35860000
1.35170996,159.90170000
1.35204331,172.38380000
1.35237665,195.94410000
1.35271000,204.80970000
1.35304334,230.53680000
1.35337668,245.38410000
1.35371003,249.54980000
1.35404337,261.26900000
1.35437672,256.14180000
1.35471006,234.76360000
1.35504340,258.67490000
1.35537675,237.23560000
1.35571009,257.53040000
1.35604344,239.70760000
1.35637678,228.33950000
1.35671012,225.63860000
1.35704347,203.78730000
1.35737681,188.55860000
1.35771016,165.18140000
1.35804350,153.53860000
1.35837684,134.29670000
1.35871019,132.02310000
1.35904353,113.98660000
1.35937688,119.28160000
1.35971022,119.60200000
1.36004356,114.96320000
1.36037691,123.15740000
1.36071025,101.58080000
1.36104360,111.01110000
1.36137694,130.43610000
1.36171028,127.38430000
1.36204363,141.43800000
1.36237697,163.13670000
1.36271032,182.57700000
1.36304366,195.51680000
1.36337700,204.32140000
1.36371035,230.94880000
1.36404369,237.17460000
1.36437704,241.01990000
1.36471038,240.02810000
1.36504372,246.65060000
1.36537707,241.84390000
1.36571041,245.93340000
1.36604376,237.99860000
1.36637710,233.00880000
1.36671044,210.33360000
1.36704379,196.79860000
1.36737713,180.45590000
1.36771048,162.83150000
1.36804382,147.46540000
1.36837716,141.75850000
1.36871051,137.94360000
1.36904385,126.42290000
1.36937720,114.68860000
1.36971054,112.52170000
1.37004388,122.59280000
1.37037723,112.53700000
1.37071057,129.85620000
1.37104392,131.53480000
1.37137726,124.36290000
1.37171060,133.44220000
1.37204395,136.79920000
1.37237729,159.44400000
1.37271064,170.73580000
1.37304398,195.79150000
1.37337732,202.76500000
1.37371067,207.81580000
1.37404401,219.88580000
1.37437736,244.59060000
1.37471070,247.36780000
1.37504404,232.70360000
1.37537739,240.62320000
1.37571073,227.17980000
1.37604408,216.20840000
1.37637742,213.58380000
1.37671076,211.99680000
1.37704411,193.74670000
1.37737745,176.83950000
1.37771080,163.50290000
1.37804414,139.57640000
1.37837748,134.81550000
1.37871083,119.80040000
1.37904417,107.60830000
1.37937752,103.67140000
1.37971086,97.88811000
1.38004420,105.50250000
1.38037755,86.38264000
1.38071089,103.50350000
1.38104424,100.60430000
1.38137758,102.86260000
1.38171093,117.14530000
1.38204427,112.68960000
1.38237761,136.61610000
1.38271096,158.17740000
1.38304430,193.42630000
1.38337765,192.70910000
1.38371099,217.33760000
1.38404433,218.51250000
1.38437768,230.78100000
1.38471102,220.14530000
1.38504437,239.20410000
1.38537771,221.30490000
1.38571105,236.71680000
1.38604440,224.15840000
1.38637774,213.17180000
1.38671109,206.85440000
1.38704443,198.17190000
1.38737777,174.61160000
1.38771112,162.98410000
1.38804446,151.46330000
1.38837781,142.03310000
1.38871115,124.27140000
1.38904449,116.21450000
1.38937784,115.92460000
1.38971118,111.31630000
1.39004453,109.13420000
1.39037787,114.20030000
1.39071121,106.08230000
1.39104456,113.74250000
1.39137790,122.18080000
1.39171125,137.94360000
1.39204459,146.99240000
1.39237793,151.38710000
1.39271128,176.82420000
1.39304462,190.45070000
1.39337797,212.40880000
1.39371131,220.02320000
1.39404465,209.35700000
1.39437800,213.11070000
1.39471134,222.78510000
1.39504469,208.74660000
1.39537803,222.43410000
1.39571137,219.91640000
1.39604472,211.18810000
1.39637806,207.28170000
1.39671141,194.89120000
1.39704475,171.42250000
1.39737809,156.02590000
1.39771144,141.46860000
1.39804478,130.71080000
1.39837813,113.98660000
1.39871147,112.14030000
1.39904481,101.21460000
1.39937816,84.29211000
1.39971150,78.84457000
1.40004485,78.27998000
1.40037819,80.40101000
1.40071153,80.50783000
1.40104488,81.48442000
1.40137822,99.41404000
1.40171157,104.52590000
1.40204491,103.35090000
1.40237825,134.25090000
1.40271160,164.08270000
1.40304494,181.14260000
1.40337829,186.52910000
1.40371163,189.88620000
1.40404497,189.15370000
1.40437832,206.09150000
1.40471166,208.21250000
1.40504501,205.89310000
1.40537835,214.08730000
1.40571169,220.37410000
1.40604504,207.08330000
1.40637838,193.24320000
1.40671173,179.20470000
1.40704507,166.35640000
1.40737841,147.66380000
1.40771176,143.23860000
1.40804510,138.05050000
1.40837845,124.01200000
1.40871179,104.29700000
1.40904513,99.67345000
1.40937848,87.63390000
1.40971182,81.48442000
1.41004517,78.73775000
1.41037851,92.12011000
1.41071185,86.71834000
1.41104520,99.59715000
1.41137854,113.28470000
1.41171189,108.26440000
1.41204523,110.52280000
1.41237857,132.87760000
1.41271192,153.67590000
1.41304526,155.94960000
1.41337861,168.17220000
1.41371195,173.49770000
1.41404529,192.20560000
1.41437864,200.30820000
1.41471198,199.97250000
1.41504533,190.38970000
1.41537867,193.38050000
1.41571201,203.66530000
1.41604536,186.11710000
1.41637870,182.72960000
1.41671205,167.37880000
1.41704539,150.51730000
1.41737873,142.17050000
1.41771208,121.95200000
1.41804542,112.26230000
1.41837877,92.97463000
1.41871211,79.60753000
1.41904545,76.76930000
1.41937880,73.48856000
1.41971214,64.27197000
1.42004549,60.22827000
1.42037883,63.43272000
1.42071217,53.14798000
1.42104552,68.81924000
1.42137886,79.02768000
1.42171221,76.02160000
1.42204555,63.55479000
1.42237889,93.60026000
1.42271224,117.08430000
1.42304558,128.39140000
1.42337893,141.28540000
1.42371227,160.93940000
1.42404561,178.99110000
1.42437896,185.21680000
1.42471230,169.22510000
1.42504565,183.61460000
1.42537899,178.22810000
1.42571233,169.63710000
1.42604568,179.29620000
1.42637902,179.90660000
1.42671237,158.36050000
1.42704571,153.01980000
1.42737905,135.57850000
1.42771240,117.75570000
1.42804574,98.08649000
1.42837909,90.19745000
1.42871243,72.29834000
1.42904577,59.08383000
1.42937912,57.11539000
1.42971246,66.17938000
1.43004581,57.35954000
1.43037915,62.02887000
1.43071249,66.68294000
1.43104584,59.06857000
1.43137918,58.42768000
1.43171253,79.40916000
1.43204587,100.74160000
1.43237921,103.94600000
1.43271256,105.74660000
1.43304590,141.49910000
1.43337925,158.92510000
1.43371259,171.11730000
1.43404593,168.37060000
1.43437928,160.52740000
1.43471262,163.59450000
1.43504597,161.79390000
1.43537931,160.66470000
1.43571265,156.28530000
1.43604600,156.51420000
1.43637934,150.91400000
1.43671269,146.22940000
1.43704603,128.05560000
1.43737937,114.93270000
1.43771272,101.65710000
1.43804606,82.79671000
1.43837941,66.48457000
1.43871275,51.69835000
1.43904609,43.80932000
1.43937944,37.30888000
1.43971278,23.48399000
1.44004613,35.00473000
1.44037947,23.54503000
1.44071281,24.32325000
1.44104616,26.58162000
1.44137950,45.19791000
1.44171285,44.12976000
1.44204619,48.90591000
1.44237954,57.22220000
1.44271288,75.89953000
1.44304622,101.26040000
1.44337957,117.86250000
1.44371291,124.94280000
1.44404626,134.41880000
1.44437960,151.08190000
1.44471294,149.89160000
1.44504629,163.33510000
1.44537963,142.68930000
1.44571298,156.88040000
1.44604632,148.67090000
1.44637966,139.82050000
1.44671301,133.45740000
1.44704635,127.43000000
1.44737970,101.59610000
1.44771304,87.54234000
1.44804638,81.01138000
1.44837973,59.89257000
1.44871307,56.03198000
1.44904642,50.82857000
1.44937976,46.86117000
1.44971310,36.74428000
1.45004645,34.51643000
1.45037979,35.85925000
1.45071314,30.67110000
1.45104648,46.14398000
1.45137982,38.19391000
1.45171317,41.29154000
1.45204651,51.60680000
1.45237986,75.62486000
1.45271320,84.68886000
1.45304654,94.86678000
1.45337989,110.04970000
1.45371323,129.38320000
1.45404658,139.46960000
1.45437992,147.95370000
1.45471326,128.45240000
1.45504661,154.92720000
1.45537995,135.21220000
1.45571330,150.48680000
1.45604664,143.81850000
1.45637998,133.86940000
1.45671333,124.75970000
1.45704667,111.46880000
1.45738002,97.94915000
1.45771336,68.75820000
1.45804670,69.50591000
1.45838005,51.66783000
1.45871339,28.61110000
1.45904674,23.75866000
1.45938008,25.14725000
1.45971342,30.45747000
1.46004677,19.28770000
1.46038011,-2.45674000
1.46071346,16.46474000
1.46104680,6.05792400
1.46138014,14.86251000
1.46171349,21.16459000
1.46204683,36.01184000
1.46238018,60.74709000
1.46271352,82.23212000
1.46304686,102.78630000
1.46338021,117.78620000
1.46371355,134.52560000
1.46404690,134.15940000
1.46438024,132.57240000
1.46471358,122.08930000
1.46504693,153.12660000
1.46538027,127.82680000
1.46571362,136.29570000
1.46604696,138.81340000
1.46638030,142.32310000
1.46671365,126.30080000
1.46704699,111.36200000
1.46738034,96.53004000
1.46771368,85.17715000
1.46804702,68.66664000
1.46838037,58.42768000
1.46871371,41.64250000
1.46904706,40.00977000
1.46938040,23.04147000
1.46971374,25.22355000
1.47004709,17.92962000
1.47038043,23.71288000
1.47071378,23.74340000
1.47104712,30.88473000
1.47138046,30.86947000
1.47171381,42.45124000
1.47204715,55.16220000
1.47238050,60.86916000
1.47271384,70.43671000
1.47304718,91.99804000
1.47338053,107.21150000
1.47371387,115.95510000
1.47404722,130.80230000
1.47438056,147.48070000
1.47471390,125.09540000
1.47504725,132.60290000
1.47538059,129.35270000
1.47571394,142.91820000
1.47604728,132.28250000
1.47638062,125.79730000
1.47671397,108.78320000
1.47704731,108.24910000
1.47738066,88.04590000
1.47771400,67.59850000
1.47804734,55.28428000
1.47838069,50.40132000
1.47871403,38.28547000
1.47904738,29.55717000
1.47938072,21.28666000
1.47971406,17.50237000
1.48004741,-9.33866300
1.48038075,13.64177000
1.48071410,-2.99081400
1.48104744,3.52488800
1.48138078,21.46977000
1.48171413,7.30918300
1.48204747,5.99688700
1.48238082,41.59673000
1.48271416,66.10309000
1.48304750,80.99612000
1.48338085,88.47315000
1.48371419,109.94290000
1.48404754,122.15030000
1.48438088,135.70050000
1.48471422,133.38110000
1.48504757,120.56340000
1.48538091,136.82970000
1.48571426,132.26720000
1.48604760,131.82470000
1.48638094,124.51550000
1.48671429,120.60910000
1.48704763,112.88800000
1.48738098,84.91775000
1.48771432,76.41834000
1.48804766,60.39613000
1.48838101,40.46754000
1.48871435,23.85021000
1.48904770,15.24399000
1.48938104,22.88888000
1.48971438,15.04562000
1.49004773,25.23881000
1.49038107,10.87985000
1.49071442,12.84829000
1.49104776,17.62444000
1.49138110,37.73613000
1.49171445,50.37080000
1.49204779,58.35139000
1.49238114,65.18753000
1.49271448,77.19656000
1.49304782,109.60720000
1.49338117,115.95510000
1.49371451,123.98140000
1.49404786,127.44530000
1.49438120,125.98040000
1.49471454,144.96290000
1.49504789,134.72400000
1.49538123,130.74130000
1.49571458,134.41880000
1.49604792,131.77890000
1.49638126,132.60290000
1.49671461,115.84830000
1.49704795,100.54320000
1.49738130,85.65019000
1.49771464,74.44990000
1.49804798,55.97094000
1.49838133,45.59465000
1.49871467,32.79214000
1.49904802,28.45851000
1.49938136,29.98443000
1.49971470,6.19525700
1.50004805,0.45777760
1.50038139,6.89718300
1.50071474,-9.99481200
1.50104808,16.37318000
1.50138142,23.86547000
1.50171477,18.63155000
1.50204811,27.08518000
1.50238146,38.10236000
1.50271480,42.98532000
1.50304815,69.97894000
1.50338149,97.68974000
1.50371483,103.28990000
1.50404818,115.36000000
1.50438152,126.39240000
1.50471487,127.06380000
1.50504821,118.59490000
1.50538155,135.31910000
1.50571490,118.44230000
1.50604824,125.79730000
1.50638159,122.92860000
1.50671493,122.68440000
1.50704827,111.08740000
1.50738162,93.96648000
1.50771496,69.00235000
1.50804831,55.87939000
1.50838165,32.25806000
1.50871499,23.97229000
1.50904834,18.99777000
1.50938168,9.99481200
1.50971503,18.23481000
1.51004837,24.87259000
1.51038171,11.88696000
1.51071506,22.47688000
1.51104840,18.25007000
1.51138175,13.36711000
1.51171509,31.64769000
1.51204843,30.57954000
1.51238178,50.40132000
1.51271512,69.75005000
1.51304847,79.22604000
1.51338181,96.85049000
1.51371515,99.52086000
1.51404850,110.47700000
1.51438184,130.00880000
1.51471519,123.37110000
1.51504853,123.12690000
1.51538187,124.66810000
1.51571522,126.39240000
1.51604856,110.37020000
1.51638191,118.93060000
1.51671525,114.10870000
1.51704859,107.89820000
1.51738194,80.49257000
1.51771528,62.54768000
1.51804863,44.05347000
1.51838197,30.38117000
1.51871531,16.60207000
1.51904866,8.25525600
1.51938200,8.14844100
1.51971535,5.87481300
1.52004869,2.33466600
1.52038203,-17.99066000
1.52071538,4.51673900
1.52104872,-16.46474000
1.52138207,6.46992300
1.52171541,15.76281000
1.52204875,25.28458000
1.52238210,48.82961000
1.52271544,60.51820000
1.52304879,79.24131000
1.52338213,99.88708000
1.52371547,112.00290000
1.52404882,119.87670000
1.52438216,122.42500000
1.52471551,116.64170000
1.52504885,132.57240000
1.52538219,122.50130000
1.52571554,136.63140000
1.52604888,120.15140000
1.52638223,128.80340000
1.52671557,122.21140000
1.52704891,119.52570000
1.52738226,93.31033000
1.52771560,68.16309000
1.52804895,52.50709000
1.52838229,41.62724000
1.52871563,25.62029000
1.52904898,23.33140000
1.52938232,22.76681000
1.52971567,10.37629000
1.53004901,28.36695000
1.53038235,4.50148000
1.53071570,28.12280000
1.53104904,15.53392000
1.53138239,20.11170000
1.53171573,34.60799000
1.53204907,53.74309000
1.53238242,66.59138000
1.53271576,84.18530000
1.53304911,90.31953000
1.53338245,97.14041000
1.53371579,117.64880000
1.53404914,132.31300000
1.53438248,138.98130000
1.53471583,129.09330000
1.53504917,120.86850000
1.53538251,135.51740000
1.53571586,128.20830000
1.53604920,124.57650000
1.53638255,128.07090000
1.53671589,113.42200000
1.53704923,107.40990000
1.53738258,85.19241000
1.53771592,67.21701000
1.53804927,55.46738000
1.53838261,47.13583000
1.53871595,29.26725000
1.53904930,17.71599000
1.53938264,19.60814000
1.53971599,17.53288000
1.54004933,-12.46681000
1.54038267,-8.11792300
1.54071602,0.25940730
1.54104936,6.68355300
1.54138271,5.02029500
1.54171605,6.42414600
1.54204939,13.94696000
1.54238274,26.04755000
1.54271608,47.97509000
1.54304943,70.55879000
1.54338277,82.17108000
1.54371611,100.26860000
1.54404946,117.57260000
1.54438280,129.62730000
1.54471615,134.87650000
1.54504949,122.71490000
1.54538283,127.33850000
1.54571618,126.14820000
1.54604952,133.30480000
1.54638287,121.02110000
1.54671621,116.35180000
1.54704955,99.41404000
1.54738290,84.88723000
1.54771624,66.78976000
1.54804959,63.67687000
1.54838293,50.05035000
1.54871627,33.70769000
1.54904962,27.10044000
1.54938296,13.44340000
1.54971631,13.27555000
1.55004965,9.55229300
1.55038299,26.21540000
1.55071634,11.52074000
1.55104968,20.76784000
1.55138303,22.27851000
1.55171637,18.25007000
1.55204971,22.82784000
1.55238306,44.29762000
1.55271640,66.60664000
1.55304975,71.21494000
1.55338309,94.57685000
1.55371643,113.71200000
1.55404978,117.64880000
1.55438312,118.65600000
1.55471647,117.09950000
1.55504981,140.81240000
1.55538315,118.06090000
1.55571650,124.88170000
1.55604984,126.63650000
1.55638319,107.30310000
1.55671653,109.33260000
1.55704987,94.57685000
1.55738322,84.87197000
1.55771656,72.25256000
1.55804991,49.74517000
1.55838325,46.43391000
1.55871659,32.92947000
1.55904994,6.07318300
1.55938328,12.97037000
1.55971663,16.17481000
1.56004997,9.15555200
1.56038331,-0.71718490
1.56071666,11.38340000
1.56105000,-9.43021900
1.56138335,9.55229300
1.56171669,32.89895000
1.56205003,37.53777000
1.56238338,47.83776000
1.56271672,52.75124000
1.56305007,81.98797000
1.56338341,101.99290000
1.56371675,124.83600000
1.56405010,128.11670000
1.56438344,147.03820000
1.56471679,138.78290000
1.56505013,139.02710000
1.56538348,146.44310000
1.56571682,135.38010000
1.56605016,150.76140000
1.56638351,156.40730000
1.56671685,134.03730000
1.56705020,126.17880000
1.56738354,109.66830000
1.56771688,96.80470000
1.56805023,84.55152000
1.56838357,68.20886000
1.56871692,70.89449000
1.56905026,52.79702000
1.56938360,43.58043000
1.56971695,27.08518000
1.57005029,29.23673000
1.57038364,44.54176000
1.57071698,22.98043000
1.57105032,49.88250000
1.57138367,45.07584000
1.57171701,45.47258000
1.57205036,53.55998000
1.57238370,68.39198000
1.57271704,90.60945000
1.57305039,114.50540000
1.57338373,134.28140000
1.57371708,148.27420000
1.57405042,150.63930000
1.57438376,150.99030000
1.57471711,154.54570000
1.57505045,161.38190000
1.57538380,158.78780000
1.57571714,162.63310000
1.57605048,152.89770000
1.57638383,156.54470000
1.57671717,142.29250000
1.57705052,131.71790000
1.57738386,112.90320000
1.57771720,111.56040000
1.57805055,86.56575000
1.57838389,61.37272000
1.57871724,53.05643000
1.57905058,49.53154000
1.57938392,46.29657000
1.57971727,39.65880000
1.58005061,20.24903000
1.58038396,22.26325000
1.58071730,16.63259000
1.58105064,27.87866000
1.58138399,29.74029000
1.58171733,31.95288000
1.58205068,36.60695000
1.58238402,44.80117000
1.58271736,69.46012000
1.58305071,85.31448000
1.58338405,96.63686000
1.58371740,124.98850000
1.58405074,133.15230000
1.58438408,144.76450000
1.58471743,156.05640000
1.58505077,139.45430000
1.58538412,155.78170000
1.58571746,149.87640000
1.58605080,155.29340000
1.58638415,147.17550000
1.58671749,146.56510000
1.58705084,121.21950000
1.58738418,101.65710000
1.58771752,94.10381000
1.58805087,76.41834000
1.58838421,65.35538000
1.58871756,63.64635000
1.58905090,50.03510000
1.58938424,30.36592000
1.58971759,29.98443000
1.59005093,38.43806000
1.59038428,37.11050000
1.59071762,34.89791000
1.59105096,30.56429000
1.59138431,46.17450000
1.59171765,59.69420000
1.59205100,65.55375000
1.59238434,82.84248000
1.59271768,104.29700000
1.59305103,112.84220000
1.59338437,119.55630000
1.59371772,125.96510000
1.59405106,139.89680000
1.59438440,139.88160000
1.59471775,134.35770000
1.59505109,145.81740000
1.59538444,145.69530000
1.59571778,154.57620000
1.59605112,139.01180000
1.59638447,138.30990000
1.59671781,152.79090000
1.59705116,130.92440000
1.59738450,114.90220000
1.59771784,98.34589000
1.59805119,75.42649000
1.59838453,68.08679000
1.59871788,50.96591000
1.59905122,36.69851000
1.59938456,45.25895000
1.59971791,37.27835000
1.60005125,27.57347000
1.60038460,22.69051000
1.60071794,10.49837000
1.60105128,28.97732000
1.60138463,23.66710000
1.60171797,25.11673000
1.60205132,31.15940000
1.60238466,43.93139000
1.60271800,56.36768000
1.60305135,69.87212000
1.60338469,98.63582000
1.60371804,119.80040000
1.60405138,126.66710000
1.60438472,129.94780000
1.60471807,143.63540000
1.60505141,152.19580000
1.60538476,148.56410000
1.60571810,161.71760000
1.60605144,149.34230000
1.60638479,144.55090000
1.60671813,142.97920000
1.60705148,143.54380000
1.60738482,126.23980000
1.60771816,112.56750000
1.60805151,92.30322000
1.60838485,79.42442000
1.60871820,71.30650000
1.60905154,60.99124000
1.60938488,54.53658000
1.60971823,42.48176000
1.61005157,28.91629000
1.61038492,45.73198000
1.61071826,37.94976000
1.61105160,59.78576000
1.61138495,50.05035000
1.61171829,44.84695000
1.61205164,65.14175000
1.61238498,76.06738000
1.61271832,84.27686000
1.61305167,104.90740000
1.61338501,131.09220000
1.61371836,146.07680000
1.61405170,150.45620000
1.61438504,154.13370000
1.61471839,152.51620000
1.61505173,166.78360000
1.61538508,151.92110000
1.61571842,182.04290000
1.61605176,158.34530000
1.61638511,150.82250000
1.61671845,148.50310000
1.61705180,144.16940000
1.61738514,128.71180000
1.61771848,116.65700000
1.61805183,98.86471000
1.61838517,79.37864000
1.61871852,59.58739000
1.61905186,52.65968000
1.61938520,56.71865000
1.61971855,55.94042000
1.62005189,35.59984000
1.62038524,38.52962000
1.62071858,29.11466000
1.62105192,32.83791000
1.62138527,36.60695000
1.62171861,46.37287000
1.62205196,53.28531000
1.62238530,52.01880000
1.62271864,74.57197000
1.62305199,98.33064000
1.62338533,120.25820000
1.62371868,128.78810000
1.62405202,146.10730000
1.62438536,150.13580000
1.62471871,156.74310000
1.62505205,168.76730000
1.62538540,158.90990000
1.62571874,168.63000000
1.62605209,160.35950000
1.62638543,162.02280000
1.62671877,166.28010000
1.62705212,152.92820000
1.62738546,137.88260000
1.62771881,122.37920000
1.62805215,102.61850000
1.62838549,92.95937000
1.62871884,77.34916000
1.62905218,67.69005000
1.62938553,70.02472000
1.62971887,56.32190000
1.63005221,45.01480000
1.63038556,55.72679000
1.63071890,50.21820000
1.63105225,56.15405000
1.63138559,51.40842000
1.63171893,50.76754000
1.63205228,70.10101000
1.63238562,72.25256000
1.63271897,79.21078000
1.63305231,108.46280000
1.63338565,127.65890000
1.63371900,145.45120000
1.63405234,146.21420000
1.63438569,156.37680000
1.63471903,162.63310000
1.63505237,171.89550000
1.63538572,171.55980000
1.63571906,171.97180000
1.63605241,168.09590000
1.63638575,170.88840000
1.63671909,170.93420000
1.63705244,152.85190000
1.63738578,135.28850000
1.63771913,126.95700000
1.63805247,111.07210000
1.63838581,91.96752000
1.63871916,78.41730000
1.63905250,65.40116000
1.63938585,69.36857000
1.63971919,45.19791000
1.64005253,31.11362000
1.64038588,42.39021000
1.64071922,28.90103000
1.64105257,46.03717000
1.64138591,48.53969000
1.64171925,54.24665000
1.64205260,49.89776000
1.64238594,57.78679000
1.64271929,71.38279000
1.64305263,97.62871000
1.64338597,133.56430000
1.64371932,150.45620000
1.64405266,167.91280000
1.64438601,166.14270000
1.64471935,158.43680000
1.64505269,169.85080000
1.64538604,178.12130000
1.64571938,167.28720000
1.64605273,171.08670000
1.64638607,176.53430000
1.64671941,173.32990000
1.64705276,153.75220000
1.64738610,144.35250000
1.64771945,123.95090000
1.64805279,108.08130000
1.64838613,101.48930000
1.64871948,79.53123000
1.64905282,74.81612000
1.64938617,58.47346000
1.64971951,57.78679000
1.65005285,56.73391000
1.65038620,59.20591000
1.65071954,48.57021000
1.65105289,74.37360000
1.65138623,87.51182000
1.65171957,80.88931000
1.65205292,89.89227000
1.65238626,103.45770000
1.65271961,112.43020000
1.65305295,123.40160000
1.65338629,143.28440000
1.65371964,156.95670000
1.65405298,174.06230000
1.65438633,182.37860000
1.65471967,181.35620000
1.65505301,171.62080000
1.65538636,182.94320000
1.65571970,180.76110000
1.65605305,182.04290000
1.65638639,178.83850000
1.65671973,158.48260000
1.65705308,155.06450000
1.65738642,140.29360000
1.65771977,124.85120000
1.65805311,107.71510000
1.65838645,89.05301000
1.65871980,84.59730000
1.65905314,65.03493000
1.65938649,60.86916000
1.65971983,57.32902000
1.66005317,55.51316000
1.66038652,35.66088000
1.66071986,46.15924000
1.66105321,46.29657000
1.66138655,44.25183000
1.66171989,79.24131000
1.66205324,79.91271000
1.66238658,85.68071000
1.66271993,104.51060000
1.66305327,117.23680000
1.66338661,132.61820000
1.66371996,139.16440000
1.66405330,157.39920000
1.66438665,172.75000000
1.66471999,181.11210000
1.66505333,181.40200000
1.66538668,171.68190000
1.66572002,173.13150000
1.66605337,173.10100000
1.66638671,176.30540000
1.66672005,168.88940000
1.66705340,170.58320000
1.66738674,157.36870000
1.66772009,136.66190000
1.66805343,120.15140000
1.66838677,105.54830000
1.66872012,94.62263000
1.66905346,73.74797000
1.66938681,67.56798000
1.66972015,73.93108000
1.67005349,61.43375000
1.67038684,62.28827000
1.67072018,66.51508000
1.67105353,66.82027000
1.67138687,66.94234000
1.67172021,70.89449000
1.67205356,93.06618000
1.67238690,106.70800000
1.67272025,116.64170000
1.67305359,121.40260000
1.67338693,134.55610000
1.67372028,149.05240000
1.67405362,151.06660000
1.67438697,158.94040000
1.67472031,178.09080000
1.67505365,184.74380000
1.67538700,178.60960000
1.67572034,176.99210000
1.67605369,179.28100000
1.67638703,179.11310000
1.67672037,177.00730000
1.67705372,164.22010000
1.67738706,145.87850000
1.67772041,130.69550000
1.67805375,117.98460000
1.67838709,109.01210000
1.67872044,90.22797000
1.67905378,82.68990000
1.67938713,73.74797000
1.67972047,56.24561000
1.68005381,45.97613000
1.68038716,59.03806000
1.68072050,39.75036000
1.68105385,47.94458000
1.68138719,48.20398000
1.68172053,52.65968000
1.68205388,55.97094000
1.68238722,67.36961000
1.68272057,87.95434000
1.68305391,103.74770000
1.68338725,122.10450000
1.68372060,146.67190000
1.68405394,159.12350000
1.68438729,162.89250000
1.68472063,163.50290000
1.68505397,178.36540000
1.68538732,179.29620000
1.68572066,173.52820000
1.68605401,172.68900000
1.68638735,191.10690000
1.68672069,173.80290000
1.68705404,172.20070000
1.68738738,155.18660000
1.68772073,131.67210000
1.68805407,126.39240000
1.68838742,105.28880000
1.68872076,96.83523000
1.68905410,81.94219000
1.68938745,74.48042000
1.68972079,75.45701000
1.69005414,57.10013000
1.69038748,67.33909000
1.69072082,71.61168000
1.69105417,65.61479000
1.69138751,69.88738000
1.69172086,77.57805000
1.69205420,91.76915000
1.69238754,99.52086000
1.69272089,114.16970000
1.69305423,127.17060000
1.69338758,145.75640000
1.69372092,151.61590000
1.69405426,168.11120000
1.69438761,169.74390000
1.69472095,162.23640000
1.69505430,172.85680000
1.69538764,185.09470000
1.69572098,163.71650000
1.69605433,175.72560000
1.69638767,175.32880000
1.69672102,174.61160000
1.69705436,149.64750000
1.69738770,135.65480000
1.69772105,121.14320000
1.69805439,114.33760000
1.69838774,112.94900000
1.69872108,86.51997000
1.69905442,77.24234000
1.69938777,69.50591000
1.69972111,59.89257000
1.70005446,52.44606000
1.70038780,38.23969000
1.70072114,40.92532000
1.70105449,39.85717000
1.70138783,54.12457000
1.70172118,63.95153000
1.70205452,52.12561000
1.70238786,50.27924000
1.70272121,60.70131000
1.70305455,97.85760000
1.70338790,124.19510000
1.70372124,136.02100000
1.70405458,152.54680000
1.70438793,162.17540000
1.70472127,181.98190000
1.70505462,170.73580000
1.70538796,171.95650000
1.70572130,174.09280000
1.70605465,181.98190000
1.70638799,156.49890000
1.70672134,163.76230000
1.70705468,154.89670000
1.70738802,135.18170000
1.70772137,129.10850000
1.70805471,107.60830000
1.70838806,85.31448000
1.70872140,90.04486000
1.70905474,77.60857000
1.70938809,56.94753000
1.70972143,43.82458000
1.71005478,40.89480000
1.71038812,46.14398000
1.71072146,58.19880000
1.71105481,47.04428000
1.71138815,59.23642000
1.71172150,58.70235000
1.71205484,57.81731000
1.71238818,75.82323000
1.71272153,89.32767000
1.71305487,96.20959000
1.71338822,112.24710000
1.71372156,133.45740000
1.71405490,147.35860000
1.71438825,164.99830000
1.71472159,171.02570000
1.71505494,159.67280000
1.71538828,158.28420000
1.71572162,155.11030000
1.71605497,165.74600000
1.71638831,155.49180000
1.71672166,153.38600000
1.71705500,142.33830000
1.71738834,133.13700000
1.71772169,114.38340000
1.71805503,105.57880000
1.71838838,87.77123000
1.71872172,80.40101000
1.71905506,61.96783000
1.71938841,51.92724000
1.71972175,43.07687000
1.72005510,54.85702000
1.72038844,23.51451000
1.72072178,24.71999000
1.72105513,34.59273000
1.72138847,31.32725000
1.72172182,28.85525000
1.72205516,33.93658000
1.72238850,52.40028000
1.72272185,64.71449000
1.72305519,87.22189000
1.72338854,113.23890000
1.72372188,132.49610000
1.72405522,149.98320000
1.72438857,158.72680000
1.72472191,148.77770000
1.72505526,151.72280000
1.72538860,156.37680000
1.72572194,147.78590000
1.72605529,158.19270000
1.72638863,154.10320000
1.72672198,150.59360000
1.72705532,146.51930000
1.72738866,125.30900000
1.72772201,117.60310000
1.72805535,100.10070000
1.72838870,82.90353000
1.72872204,79.02768000
1.72905538,61.38798000
1.72938873,46.00665000
1.72972207,45.64043000
1.73005542,36.56117000
1.73038876,37.58354000
1.73072210,36.37806000
1.73105545,47.42576000
1.73138879,42.49702000
1.73172214,37.01895000
1.73205548,45.39628000
1.73238882,58.35139000
1.73272217,79.88219000
1.73305551,103.07630000
1.73338886,107.56250000
1.73372220,121.99770000
1.73405554,135.21220000
1.73438889,153.70650000
1.73472223,142.14000000
1.73505558,131.48900000
1.73538892,153.24870000
1.73572226,139.57640000
1.73605561,147.29760000
1.73638895,156.59050000
1.73672230,136.40250000
1.73705564,125.94990000
1.73738898,118.77800000
1.73772233,101.93180000
1.73805567,94.83626000
1.73838902,75.67064000
1.73872236,53.59050000
1.73905570,47.09006000
1.73938905,38.05658000
1.73972239,31.14414000
1.74005574,35.20310000
1.74038908,13.27555000
1.74072242,15.51866000
1.74105577,19.37925000
1.74138911,14.86251000
1.74172246,10.86459000
1.74205580,12.64992000
1.74238914,43.87035000
1.74272249,57.29850000
1.74305583,74.86190000
1.74338918,95.26352000
1.74372252,115.95510000
1.74405586,129.84100000
1.74438921,133.85420000
1.74472255,124.80540000
1.74505590,129.33740000
1.74538924,141.89580000
1.74572258,135.65480000
1.74605593,141.97210000
1.74638927,145.84790000
1.74672262,128.00990000
1.74705596,121.31110000
1.74738930,113.60510000
1.74772265,101.13830000
1.74805599,86.33686000
1.74838934,69.17020000
1.74872268,57.03909000
1.74905603,48.37183000
1.74938937,43.71776000
1.74972271,20.64577000
1.75005606,10.34577000
1.75038940,21.27140000
1.75072275,31.11362000
1.75105609,24.87259000
1.75138943,32.51747000
1.75172278,19.71496000
1.75205612,21.63762000
1.75238947,35.52354000
1.75272281,63.84472000
1.75305615,76.47938000
1.75338950,80.41627000
1.75372284,92.94411000
1.75405619,112.56750000
1.75438953,115.57360000
1.75472287,132.89280000
1.75505622,135.44110000
1.75538956,128.72710000
1.75572291,138.43200000
1.75605625,130.23770000
1.75638959,134.28140000
1.75672294,133.18280000
1.75705628,124.39340000
1.75738963,109.24100000
1.75772297,90.42634000
1.75805631,81.83537000
1.75838966,63.11227000
1.75872300,42.14606000
1.75905635,37.87347000
1.75938969,27.40562000
1.75972303,20.87466000
1.76005638,23.14829000
1.76038972,3.06711000
1.76072307,-2.31940700
1.76105641,11.18503000
1.76138975,9.53703300
1.76172310,12.86355000
1.76205644,19.07407000
1.76238979,25.13199000
1.76272313,38.68221000
1.76305647,60.91494000
1.76338982,85.07034000
1.76372316,101.82500000
1.76405651,114.18500000
1.76438985,129.68840000
1.76472319,138.43200000
1.76505654,124.80540000
1.76538988,139.59170000
1.76572323,128.91020000
1.76605657,141.34650000
1.76638991,130.22250000
1.76672326,126.39240000
1.76705660,125.03430000
1.76738995,107.92870000
1.76772329,88.19849000
1.76805663,74.73982000
1.76838998,56.39820000
1.76872332,42.31391000
1.76905667,33.73821000
1.76939001,27.55821000
1.76972335,25.10147000
1.77005670,14.98459000
1.77039004,26.87155000
1.77072339,15.86962000
1.77105673,26.10858000
1.77139007,16.37318000
1.77172342,36.27124000
1.77205676,41.38309000
1.77239011,51.98828000
1.77272345,58.80917000
1.77305679,74.98397000
1.77339014,102.37430000
1.77372348,113.11680000
1.77405683,124.89700000
1.77439017,127.32320000
1.77472351,128.17770000
1.77505686,122.53180000
1.77539020,132.19090000
1.77572355,130.08510000
1.77605689,148.79300000
1.77639023,135.09020000
1.77672358,117.26740000
1.77705692,111.95710000
1.77739027,102.89310000
1.77772361,83.68175000
1.77805695,71.32175000
1.77839030,55.46738000
1.77872364,47.42576000
1.77905699,32.21228000
1.77939033,24.90310000
1.77972367,17.15140000
1.78005702,-1.32755500
1.78039036,-0.27466660
1.78072371,16.57155000
1.78105705,-1.46488800
1.78139039,-3.25022100
1.78172374,3.75377700
1.78205708,3.20444300
1.78239043,18.03644000
1.78272377,20.79836000
1.78305711,46.09821000
1.78339046,69.68901000
1.78372380,91.17404000
1.78405715,97.55241000
1.78439049,111.85030000
1.78472383,125.11060000
1.78505718,132.89280000
1.78539052,124.05770000
1.78572387,140.15630000
1.78605721,125.35480000
1.78639055,136.05150000
1.78672390,132.41980000
1.78705724,123.90510000
1.78739059,115.32940000
1.78772393,96.59108000
1.78805727,78.98190000
1.78839062,60.67079000
1.78872396,52.41553000
1.78905731,30.44221000
1.78939065,18.37214000
1.78972399,17.09036000
1.79005734,20.41688000
1.79039068,22.00384000
1.79072403,11.65807000
1.79105737,22.27851000
1.79139071,14.37422000
1.79172406,26.29169000
1.79205740,33.63140000
1.79239075,30.83895000
1.79272409,61.40324000
1.79305743,77.21182000
1.79339078,90.88412000
1.79372412,104.81580000
1.79405747,112.01820000
1.79439081,115.58880000
1.79472415,116.55020000
1.79505750,115.08530000
1.79539084,130.81760000
1.79572419,119.40370000
1.79605753,126.94170000
1.79639087,121.23480000
1.79672422,117.31310000
1.79705756,107.65400000
1.79739091,106.50960000
1.79772425,71.24546000
1.79805759,62.57820000
1.79839094,57.16116000
1.79872428,47.27317000
1.79905763,24.32325000
1.79939097,17.15140000
1.79972431,16.51051000
1.80005766,4.77614600
1.80039100,-14.49629000
1.80072435,6.19525700
1.80105769,-13.27555000
1.80139103,5.15762800
1.80172438,6.17999800
1.80205772,7.61436700
1.80239107,2.38044400
1.80272441,17.28873000
1.80305775,38.62117000
1.80339110,62.51716000
1.80372444,82.03374000
1.80405779,96.81997000
1.80439113,104.72430000
1.80472447,123.00480000
1.80505782,129.26110000
1.80539116,126.51450000
1.80572451,125.37000000
1.80605785,117.26740000
1.80639119,123.63050000
1.80672454,130.93970000
1.80705788,128.84910000
1.80739123,100.26860000
1.80772457,89.20560000
1.80805791,78.67671000
1.80839126,68.05627000
1.80872460,40.77273000
1.80905795,27.55821000
1.80939129,21.68340000
1.80972464,20.40162000
1.81005798,15.91540000
1.81039132,-5.08133200
1.81072467,6.22577600
1.81105801,14.23688000
1.81139136,7.24814600
1.81172470,10.68148000
1.81205804,21.05777000
1.81239139,47.60887000
1.81272473,58.96176000
1.81305808,72.64931000
1.81339142,84.18530000
1.81372476,97.50663000
1.81405811,106.99790000
1.81439145,122.71490000
1.81472480,124.11880000
1.81505814,112.81170000
1.81539148,130.87860000
1.81572483,115.39050000
1.81605817,130.52760000
1.81639152,117.29790000
1.81672486,116.50440000
1.81705820,104.83110000
1.81739155,101.41300000
1.81772489,88.53419000
1.81805824,74.37360000
1.81839158,52.90383000
1.81872492,31.54088000
1.81905827,23.25510000
1.81939161,4.77614600
1.81972496,9.18607000
1.82005830,-6.85140500
1.82039164,-7.88903400
1.82072499,-19.10459000
1.82105833,-5.89007200
1.82139168,-15.94592000
1.82172502,-2.94503600
1.82205836,17.36503000
1.82239171,18.03644000
1.82272505,38.88058000
1.82305840,42.23761000
1.82339174,74.78560000
1.82372508,100.81790000
1.82405843,102.78630000
1.82439177,109.77510000
1.82472512,111.95710000
1.82505846,110.98060000
1.82539180,119.05270000
1.82572515,121.70780000
1.82605849,122.04350000
1.82639184,122.07400000
1.82672518,114.81060000
1.82705852,112.29280000
1.82739187,103.38140000
1.82772521,94.74471000
1.82805856,72.31360000
1.82839190,60.85390000
1.82872524,39.17051000
1.82905859,21.80547000
1.82939193,15.21348000
1.82972528,16.93777000
1.83005862,7.58384900
1.83039196,-8.23999700
1.83072531,2.27362900
1.83105865,6.42414600
1.83139200,1.61748100
1.83172534,3.63170200
1.83205868,8.81984900
1.83239203,42.58858000
1.83272537,39.94873000
1.83305872,43.42784000
1.83339206,61.15909000
1.83372540,70.42146000
1.83405875,82.41523000
1.83439209,100.74160000
1.83472544,113.84930000
1.83505878,128.10140000
1.83539212,112.00290000
1.83572547,115.29890000
1.83605881,102.86260000
1.83639216,121.92140000
1.83672550,109.16470000
1.83705884,91.76915000
1.83739219,82.58308000
1.83772553,67.90368000
1.83805888,53.57524000
1.83839222,34.47065000
1.83872556,21.37821000
1.83905891,10.65096000
1.83939225,0.41199990
1.83972560,1.70903600
1.84005894,-20.02014000
1.84039228,-29.35880000
1.84072563,-24.29273000
1.84105897,-35.70665000
1.84139232,-25.49821000
1.84172566,-30.50325000
1.84205900,-26.45955000
1.84239235,-16.93777000
1.84272569,-4.27259100
1.84305904,10.60518000
1.84339238,35.56932000
1.84372572,47.18161000
1.84405907,66.28620000
1.84439241,77.94427000
1.84472576,94.37849000
1.84505910,110.27860000
1.84539244,102.23700000
1.84572579,95.08041000
1.84605913,108.15760000
1.84639248,106.76900000
1.84672582,100.28380000
1.84705916,90.83834000
1.84739251,74.63301000
1.84772585,61.08279000
1.84805920,50.24873000
1.84839254,24.23170000
1.84872588,8.77407200
1.84905923,1.92266600
1.84939257,-8.04162700
1.84972592,-22.61421000
1.85005926,-16.93777000
1.85039260,-18.81466000
1.85072595,-15.97644000
1.85105929,-21.62236000
1.85139264,-14.16059000
1.85172598,-0.62562940
1.85205932,0.50355540
1.85239267,6.37836800
1.85272601,7.62962700
1.85305936,22.24799000
1.85339270,50.87435000
1.85372604,68.55983000
1.85405939,81.16397000
1.85439273,97.65923000
1.85472608,97.62871000
1.85505942,82.64411000
1.85539276,96.34693000
1.85572611,87.74071000
1.85605945,87.03878000
1.85639280,91.46397000
1.85672614,86.79464000
1.85705948,88.73256000
1.85739283,56.50502000
1.85772617,46.95272000
1.85805952,37.55302000
1.85839286,28.68740000
1.85872620,16.41896000
1.85905955,-4.42518400
1.85939289,-6.45466400
1.85972624,-18.81466000
1.86005958,-34.04340000
1.86039292,-43.09213000
1.86072627,-39.42991000
1.86105961,-44.06873000
1.86139296,-22.61421000
1.86172630,-30.44221000
1.86205964,-31.46458000
1.86239299,-40.94057000
1.86272633,-31.20517000
1.86305968,-7.91955300
1.86339302,15.62548000
1.86372636,32.82265000
1.86405971,49.33317000
1.86439305,60.54872000
1.86472640,62.62397000
1.86505974,69.78057000
1.86539308,80.32471000
1.86572643,75.45701000
1.86605977,79.42442000
1.86639312,72.61878000
1.86672646,70.16205000
1.86705980,81.59123000
1.86739315,71.52013000
1.86772649,48.35658000
1.86805984,23.81969000
1.86839318,10.10163000
1.86872652,0.93081450
1.86905987,-16.03748000
1.86939321,-28.62636000
1.86972656,-29.19095000
1.87005990,-36.50013000
1.87039324,-48.67702000
1.87072659,-45.21317000
1.87105993,-39.75036000
1.87139328,-48.31080000
1.87172662,-41.04739000
1.87205997,-38.23969000
1.87239331,-12.26844000
1.87272665,-0.12207400
1.87306000,8.56044100
1.87339334,10.31526000
1.87372669,29.37406000
1.87406003,45.27421000
1.87439337,48.09717000
1.87472672,57.10013000
1.87506006,61.43375000
1.87539341,62.68502000
1.87572675,55.94042000
1.87606009,57.39005000
1.87639344,65.38590000
1.87672678,60.57924000
1.87706013,44.74013000
1.87739347,36.95791000
1.87772681,17.89911000
1.87806016,2.48725800
1.87839350,-12.77199000
1.87872685,-36.60695000
1.87906019,-44.43495000
1.87939353,-41.79509000
1.87972688,-62.50190000
1.88006022,-76.76930000
1.88039357,-61.92205000
1.88072691,-74.61775000
1.88106025,-71.88634000
1.88139360,-74.51093000
1.88172694,-71.23020000
1.88206029,-71.64220000
1.88239363,-72.95449000
1.88272697,-59.52635000
1.88306032,-44.19080000
1.88339366,-23.14829000
1.88372701,-1.25125900
1.88406035,16.15955000
1.88439369,22.94992000
1.88472704,22.35481000
1.88506038,38.42280000
1.88539373,59.41954000
1.88572707,43.18369000
1.88606041,51.10324000
1.88639376,48.03613000
1.88672710,55.90990000
1.88706045,52.18665000
1.88739379,34.39436000
1.88772713,16.83096000
1.88806048,10.87985000
1.88839382,-14.45051000
1.88872717,-34.19599000
1.88906051,-45.41154000
1.88939385,-54.41450000
1.88972720,-69.38383000
1.89006054,-64.25671000
1.89039389,-82.88827000
1.89072723,-69.56694000
1.89106057,-74.54145000
1.89139392,-66.80502000
1.89172726,-74.72456000
1.89206061,-71.27598000
1.89239395,-46.89169000
1.89272729,-46.60176000
1.89306064,-32.82265000
1.89339398,-37.01895000
1.89372733,-16.46474000
1.89406067,-4.30311000
1.89439401,22.20222000
1.89472736,24.33851000
1.89506070,29.05362000
1.89539405,28.77895000
1.89572739,17.73125000
1.89606073,37.59880000
1.89639408,25.51347000
1.89672742,25.49821000
1.89706077,26.42903000
1.89739411,15.24399000
1.89772745,0.00000000
1.89806080,-18.78414000
1.89839414,-23.59081000
1.89872749,-46.86117000
1.89906083,-61.08279000
1.89939417,-77.15079000
1.89972752,-83.37656000
1.90006086,-92.16589000
1.90039421,-92.10485000
1.90072755,-120.65490000
1.90106089,-94.56159000
1.90139424,-107.33360000
1.90172758,-101.30620000
1.90206093,-89.73968000
1.90239427,-102.46590000
1.90272761,-75.30441000
1.90306096,-59.34324000
1.90339430,-31.86132000
1.90372765,-14.05377000
1.90406099,-2.60933200
1.90439433,5.08133200
1.90472768,4.15051700
1.90506102,15.86962000
1.90539437,4.22681300
1.90572771,21.65288000
1.90606105,5.63066500
1.90639440,28.32117000
1.90672774,12.93985000
1.90706109,5.44755400
1.90739443,0.96133300
1.90772777,-20.11170000
1.90806112,-33.02102000
1.90839446,-60.41138000
1.90872781,-75.57909000
1.90906115,-82.21686000
1.90939449,-83.83434000
1.90972784,-88.64101000
1.91006118,-109.71400000
1.91039453,-96.75893000
1.91072787,-101.56560000
1.91106121,-106.43330000
1.91139456,-96.22485000
1.91172790,-95.56870000
1.91206125,-97.91863000
1.91239459,-93.66130000
1.91272793,-82.52204000
1.91306128,-65.59953000
1.91339462,-39.36887000
1.91372797,-32.25806000
1.91406131,-15.45762000
1.91439465,-12.98563000
1.91472800,-1.02237000
1.91506134,-9.55229300
1.91539469,-14.95407000
1.91572803,9.10977400
1.91606137,-10.23896000
1.91639472,2.51777700
1.91672806,-1.67851800
1.91706141,-7.67540500
1.91739475,-23.74340000
1.91772809,-30.35065000
1.91806144,-52.50709000
1.91839478,-72.72560000
1.91872813,-80.33997000
1.91906147,-101.38250000
1.91939481,-111.02630000
1.91972816,-115.11580000
1.92006150,-128.13190000
1.92039485,-120.71600000
1.92072819,-142.96400000
1.92106153,-131.19910000
1.92139488,-134.86130000
1.92172822,-134.95280000
1.92206157,-134.89180000
1.92239491,-153.08080000
1.92272825,-126.78910000
1.92306160,-109.18000000
1.92339494,-83.20871000
1.92372829,-71.68798000
1.92406163,-54.41450000
1.92439497,-29.99969000
1.92472832,-23.10251000
1.92506166,-29.89288000
1.92539501,-18.79940000
1.92572835,-22.06488000
1.92606169,-18.64681000
1.92639504,-27.20725000
1.92672838,-15.90014000
1.92706173,-28.62636000
1.92739507,-40.08606000
1.92772841,-44.61806000
1.92806176,-66.33198000
1.92839510,-82.64411000
1.92872845,-98.05597000
1.92906179,-111.27050000
1.92939513,-125.12590000
1.92972848,-130.74130000
1.93006182,-137.24170000
1.93039517,-148.48780000
1.93072851,-129.55110000
1.93106185,-150.66990000
1.93139520,-134.93760000
1.93172854,-135.04440000
1.93206189,-143.63540000
1.93239523,-127.72000000
1.93272858,-117.61830000
1.93306192,-120.42600000
1.93339526,-99.18515000
1.93372861,-74.84664000
1.93406195,-51.89672000
1.93439530,-41.16946000
1.93472864,-43.39732000
1.93506198,-49.63836000
1.93539533,-43.15317000
1.93572867,-30.01495000
1.93606202,-50.15717000
1.93639536,-30.68636000
1.93672870,-40.34547000
1.93706205,-49.98932000
1.93739539,-70.37568000
1.93772874,-81.66753000
1.93806208,-97.04886000
1.93839542,-114.32230000
1.93872877,-123.73730000
1.93906211,-137.95890000
1.93939546,-156.48360000
1.93972880,-158.83360000
1.94006214,-174.55060000
1.94039549,-159.18450000
1.94072883,-172.39900000
1.94106218,-186.51390000
1.94139552,-168.76730000
1.94172886,-169.02670000
1.94206221,-178.38070000
1.94239555,-171.83450000
1.94272890,-168.17220000
1.94306224,-146.41250000
1.94339558,-135.30380000
1.94372893,-112.01820000
1.94406227,-92.86781000
1.94439562,-66.01153000
1.94472896,-77.62383000
1.94506230,-82.64411000
1.94539565,-67.76635000
1.94572899,-59.45005000
1.94606234,-63.05124000
1.94639568,-52.78176000
1.94672902,-68.04102000
1.94706237,-69.23124000
1.94739571,-79.16501000
1.94772906,-90.79256000
1.94806240,-106.98260000
1.94839574,-133.36590000
1.94872909,-144.74930000
1.94906243,-152.66880000
1.94939578,-162.09910000
1.94972912,-173.26880000
1.95006246,-184.31650000
1.95039581,-182.66850000
1.95072915,-176.12230000
1.95106250,-186.62070000
1.95139584,-181.99710000
1.95172918,-174.09280000
1.95206253,-183.46200000
1.95239587,-173.19250000
1.95272922,-162.93830000
1.95306256,-160.61890000
1.95339590,-138.05050000
1.95372925,-121.11270000
1.95406259,-108.46280000
1.95439594,-105.07520000
1.95472928,-94.16486000
1.95506262,-94.01226000
1.95539597,-80.93509000
1.95572931,-69.12442000
1.95606266,-88.27479000
1.95639600,-74.58723000
1.95672934,-72.87819000
1.95706269,-84.71938000
1.95739603,-102.67950000
1.95772938,-103.33570000
1.95806272,-125.00380000
1.95839606,-142.99450000
1.95872941,-154.11850000
1.95906275,-180.66960000
1.95939610,-187.50570000
1.95972944,-196.32560000
1.96006278,-195.47100000
1.96039613,-191.74780000
1.96072947,-203.17700000
1.96106282,-221.54910000
1.96139616,-207.52580000
1.96172950,-209.14330000
1.96206285,-196.15770000
1.96239619,-191.88510000
1.96272954,-190.83220000
1.96306288,-187.84140000
1.96339622,-171.57500000
1.96372957,-145.97000000
1.96406291,-124.75970000
1.96439626,-116.13820000
1.96472960,-111.22470000
1.96506294,-89.43449000
1.96539629,-81.02664000
1.96572963,-91.41819000
1.96606298,-98.02545000
1.96639632,-93.27982000
1.96672966,-78.79879000
1.96706301,-85.95538000
1.96739635,-107.89820000
1.96772970,-120.65490000
1.96806304,-133.88470000
1.96839638,-153.99640000
1.96872973,-169.98810000
1.96906307,-175.84760000
1.96939642,-195.63890000
1.96972976,-199.56050000
1.97006310,-211.63060000
1.97039645,-204.90130000
1.97072979,-201.20850000
1.97106314,-203.26850000
1.97139648,-188.11610000
1.97172982,-205.61840000
1.97206317,-210.69980000
1.97239651,-196.78330000
1.97272986,-167.48560000
1.97306320,-160.48160000
1.97339654,-154.13370000
1.97372989,-150.80720000
1.97406323,-130.25300000
1.97439658,-119.09850000
1.97472992,-109.42410000
1.97506326,-107.57770000
1.97539661,-89.09879000
1.97572995,-104.98370000
1.97606330,-98.81893000
1.97639664,-101.36720000
1.97672998,-97.17093000
1.97706333,-100.32960000
1.97739667,-114.41390000
1.97773002,-132.40450000
1.97806336,-149.12870000
1.97839670,-156.11740000
1.97873005,-177.06840000
1.97906339,-188.19240000
1.97939674,-201.91040000
1.97973008,-210.71500000
1.98006342,-211.72220000
1.98039677,-214.80450000
1.98073011,-217.79530000
1.98106346,-246.14700000
1.98139680,-226.24890000
1.98173014,-227.31710000
1.98206349,-213.87370000
1.98239683,-204.38240000
1.98273018,-203.54320000
1.98306352,-194.54020000
1.98339686,-173.17730000
1.98373021,-157.61280000
1.98406355,-135.99050000
1.98439690,-126.65180000
1.98473024,-123.02010000
1.98506358,-109.36310000
1.98539693,-96.86575000
1.98573027,-102.34380000
1.98606362,-105.91450000
1.98639696,-106.41800000
1.98673030,-104.75480000
1.98706365,-109.14940000
1.98739699,-111.49940000
1.98773034,-121.63150000
1.98806368,-148.68620000
1.98839702,-164.52530000
1.98873037,-173.66560000
1.98906371,-191.04590000
1.98939706,-197.71420000
1.98973040,-200.30820000
1.99006374,-210.16570000
1.99039709,-223.22760000
1.99073043,-211.02020000
1.99106378,-217.91740000
1.99139712,-221.12180000
1.99173046,-207.48010000
1.99206381,-196.72230000
1.99239715,-192.90750000
1.99273050,-181.37150000
1.99306384,-178.38070000
1.99339718,-166.53950000
1.99373053,-145.35960000
1.99406387,-120.60910000
1.99439722,-116.12290000
1.99473056,-122.33340000
1.99506391,-123.14220000
1.99539725,-108.46280000
1.99573059,-96.60634000
1.99606394,-119.64780000
1.99639728,-101.91650000
1.99673063,-109.69880000
1.99706397,-124.71390000
1.99739731,-123.64570000
1.99773066,-129.90200000
1.99806400,-156.39210000
1.99839735,-169.49980000
1.99873069,-185.70510000
1.99906403,-198.93490000
1.99939738,-203.71100000
1.99973072,-209.09750000
2.00006407,-220.89300000
2.00039741,-233.32930000
2.00073075,-232.84100000
2.00106410,-228.98040000
2.00139744,-240.60790000
2.00173079,-231.66600000
2.00206413,-219.80960000
2.00239747,-221.35070000
2.00273082,-226.15740000
2.00306416,-208.33460000
2.00339751,-199.04170000
2.00373085,-179.73880000
2.00406419,-157.61280000
2.00439754,-144.93240000
2.00473088,-125.90410000
2.00506423,-118.06090000
2.00539757,-112.46070000
2.00573091,-122.13510000
2.00606426,-108.75270000
2.00639760,-121.41790000
2.00673095,-117.38940000
2.00706429,-112.06400000
2.00739763,-116.41280000
2.00773098,-135.62430000
2.00806432,-151.95160000
2.00839767,-162.78570000
2.00873101,-179.03680000
2.00906435,-195.71520000
2.00939770,-210.24200000
2.00973104,-224.12790000
2.01006439,-219.33650000
2.01039773,-228.69040000
2.01073107,-242.25590000
2.01106442,-239.18880000
2.01139776,-220.67930000
2.01173111,-235.69440000
2.01206445,-233.11560000
2.01239779,-216.02530000
2.01273114,-198.56870000
2.01306448,-190.51180000
2.01339783,-165.76130000
2.01373117,-158.07060000
2.01406451,-149.60170000
2.01439786,-141.08710000
2.01473120,-133.83890000
2.01506455,-130.13090000
2.01539789,-129.06280000
2.01573123,-119.52570000
2.01606458,-121.79940000
2.01639792,-116.56540000
2.01673127,-119.57150000
2.01706461,-138.93550000
2.01739795,-140.69030000
2.01773130,-156.75830000
2.01806464,-175.61880000
2.01839799,-193.39580000
2.01873133,-203.08540000
2.01906467,-210.51670000
2.01939802,-221.96110000
2.01973136,-239.37190000
2.02006471,-236.86940000
2.02039805,-242.51530000
2.02073139,-247.33720000
2.02106474,-259.59040000
2.02139808,-246.07070000
2.02173143,-264.38180000
2.02206477,-250.49590000
2.02239811,-240.01280000
2.02273146,-243.79710000
2.02306480,-227.37810000
2.02339815,-203.34480000
2.02373149,-190.95430000
2.02406483,-177.63300000
2.02439818,-162.35850000
2.02473152,-159.67280000
2.02506487,-156.92620000
2.02539821,-145.71060000
2.02573155,-136.41770000
2.02606490,-136.92130000
2.02639824,-147.20600000
2.02673159,-133.09120000
2.02706493,-135.39540000
2.02739827,-144.85610000
2.02773162,-159.27610000
2.02806496,-178.48750000
2.02839831,-184.24020000
2.02873165,-200.33870000
2.02906499,-220.92350000
2.02939834,-231.19290000
2.02973168,-244.81950000
2.03006503,-247.23040000
2.03039837,-248.06970000
2.03073171,-255.56200000
2.03106506,-254.79900000
2.03139840,-252.87640000
2.03173175,-261.68090000
2.03206509,-243.36980000
2.03239843,-245.07890000
2.03273178,-245.10940000
2.03306512,-227.71380000
2.03339847,-206.74760000
2.03373181,-186.94110000
2.03406515,-178.85370000
2.03439850,-180.10500000
2.03473184,-174.27590000
2.03506519,-157.81120000
2.03539853,-142.68930000
2.03573187,-153.15710000
2.03606522,-133.36590000
2.03639856,-158.97090000
2.03673191,-147.11450000
2.03706525,-149.84590000
2.03739859,-161.24450000
2.03773194,-169.14880000
2.03806528,-175.77130000
2.03839863,-196.63080000
2.03873197,-216.84930000
2.03906531,-222.15950000
2.03939866,-252.49490000
2.03973200,-258.06450000
2.04006535,-259.52940000
2.04039869,-258.55280000
2.04073203,-274.65130000
2.04106538,-270.40920000
2.04139872,-265.05320000
2.04173207,-281.31960000
2.04206541,-260.65860000
2.04239875,-260.07870000
2.04273210,-268.70020000
2.04306544,-254.38700000
2.04339879,-223.88380000
2.04373213,-208.73130000
2.04406547,-198.84330000
2.04439882,-178.71640000
2.04473216,-168.14170000
2.04506551,-158.28420000
2.04539885,-149.38810000
2.04573219,-155.96480000
2.04606554,-156.17850000
2.04639888,-156.30050000
2.04673223,-138.11150000
2.04706557,-154.14900000
2.04739891,-157.46020000
2.04773226,-169.69820000
2.04806560,-184.46910000
2.04839895,-197.69890000
2.04873229,-211.56950000
2.04906563,-227.43920000
2.04939898,-243.21720000
2.04973232,-242.94260000
2.05006567,-247.29150000
2.05039901,-258.15600000
2.05073235,-268.18140000
2.05106570,-265.03800000
2.05139904,-250.51120000
2.05173239,-257.45410000
2.05206573,-259.57520000
2.05239907,-251.59460000
2.05273242,-225.80640000
2.05306576,-216.14730000
2.05339911,-203.89410000
2.05373245,-192.25130000
2.05406579,-181.06630000
2.05439914,-165.28820000
2.05473248,-161.06140000
2.05506583,-161.22930000
2.05539917,-150.76140000
2.05573252,-142.15520000
2.05606586,-145.29860000
2.05639920,-139.13390000
2.05673255,-150.15110000
2.05706589,-142.04840000
2.05739924,-163.67070000
2.05773258,-170.43060000
2.05806592,-183.05000000
2.05839927,-199.08750000
2.05873261,-204.22980000
2.05906596,-215.78110000
2.05939930,-223.09030000
2.05973264,-241.44720000
2.06006599,-250.38910000
2.06039933,-248.72580000
2.06073268,-262.73380000
2.06106602,-255.74510000
2.06139936,-261.68090000
2.06173271,-264.62600000
2.06206605,-267.38790000
2.06239940,-242.85100000
2.06273274,-237.80020000
2.06306608,-222.43410000
2.06339943,-190.54230000
2.06373277,-178.44170000
2.06406612,-171.69710000
2.06439946,-154.34740000
2.06473280,-138.58450000
2.06506615,-142.85710000
2.06539949,-143.84900000
2.06573284,-134.34250000
2.06606618,-142.78080000
2.06639952,-126.10250000
2.06673287,-140.69030000
2.06706621,-133.61000000
2.06739956,-140.53770000
2.06773290,-144.56620000
2.06806624,-158.80310000
2.06839959,-182.24130000
2.06873293,-191.67150000
2.06906628,-212.17990000
2.06939962,-214.20940000
2.06973296,-226.41680000
2.07006631,-234.03120000
2.07039965,-241.76760000
2.07073300,-232.23060000
2.07106634,-231.62020000
2.07139968,-241.52350000
2.07173303,-223.71590000
2.07206637,-235.69440000
2.07239972,-231.63550000
2.07273306,-215.12500000
2.07306640,-195.95930000
2.07339975,-187.42940000
2.07373309,-178.83850000
2.07406644,-155.09510000
2.07439978,-138.12680000
2.07473312,-135.73110000
2.07506647,-113.74250000
2.07539981,-115.31420000
2.07573316,-121.43310000
2.07606650,-117.86250000
2.07639984,-116.61120000
2.07673319,-119.69360000
2.07706653,-111.89610000
2.07739988,-126.28560000
2.07773322,-136.03630000
2.07806656,-148.73190000
2.07839991,-158.66570000
2.07873325,-180.68480000
2.07906660,-188.58910000
2.07939994,-198.04990000
2.07973328,-214.43830000
2.08006663,-227.62230000
2.08039997,-226.40160000
2.08073332,-228.01900000
2.08106666,-254.99740000
2.08140000,-231.72700000
2.08173335,-247.84080000
2.08206669,-237.31190000
2.08240004,-218.40570000
2.08273338,-214.16360000
2.08306672,-204.19930000
2.08340007,-193.65520000
2.08373341,-170.43060000
2.08406676,-160.19170000
2.08440010,-145.51220000
2.08473344,-133.97620000
2.08506679,-139.79000000
2.08540013,-128.77280000
2.08573348,-110.11080000
2.08606682,-114.10870000
2.08640016,-113.23890000
2.08673351,-116.19920000
2.08706685,-128.91020000
2.08740020,-112.85740000
2.08773354,-129.26110000
2.08806688,-147.48070000
2.08840023,-160.54260000
2.08873357,-180.73060000
2.08906692,-191.19850000
2.08940026,-204.50450000
2.08973360,-216.43730000
2.09006695,-235.81650000
2.09040029,-222.51040000
2.09073364,-227.31710000
2.09106698,-213.78220000
2.09140032,-228.70570000
2.09173367,-214.72820000
2.09206701,-215.15550000
2.09240036,-224.82980000
2.09273370,-212.98870000
2.09306704,-192.96850000
2.09340039,-192.70910000
2.09373373,-182.80590000
2.09406708,-164.75420000
2.09440042,-137.83680000
2.09473376,-128.51340000
2.09506711,-124.59180000
2.09540045,-113.95610000
2.09573380,-125.32430000
2.09606714,-113.91030000
2.09640048,-118.54910000
2.09673383,-107.27260000
2.09706717,-118.85430000
2.09740052,-126.37710000
2.09773386,-135.88370000
2.09806720,-162.84680000
2.09840055,-169.95760000
2.09873389,-186.31550000
2.09906724,-196.00510000
2.09940058,-199.17900000
2.09973392,-215.23180000
2.10006727,-217.33760000
2.10040061,-223.86850000
2.10073396,-231.23870000
2.10106730,-234.97720000
2.10140064,-236.22850000
2.10173399,-239.06670000
2.10206733,-240.04330000
2.10240068,-221.67120000
2.10273402,-213.81270000
2.10306736,-211.79840000
2.10340071,-201.49850000
2.10373405,-169.60660000
2.10406740,-145.29860000
2.10440074,-134.55610000
2.10473408,-124.72910000
2.10506743,-121.35680000
2.10540077,-120.60910000
2.10573412,-108.96630000
2.10606746,-122.62340000
2.10640080,-110.09550000
2.10673415,-123.52370000
2.10706749,-109.59200000
2.10740084,-122.10450000
2.10773418,-132.80130000
2.10806752,-142.27730000
2.10840087,-157.99430000
2.10873421,-166.40220000
2.10906756,-189.00110000
2.10940090,-203.71100000
2.10973424,-212.68350000
2.11006759,-214.88080000
2.11040093,-224.57040000
2.11073428,-222.76980000
2.11106762,-233.74130000
2.11140096,-214.46880000
2.11173431,-234.29060000
2.11206765,-215.73530000
2.11240100,-213.70590000
2.11273434,-213.76690000
2.11306768,-202.81070000
2.11340103,-190.84750000
2.11373437,-161.67180000
2.11406772,-139.17970000
2.11440106,-129.94780000
2.11473440,-123.41680000
2.11506775,-113.04060000
2.11540109,-121.26530000
2.11573444,-110.93480000
2.11606778,-105.39570000
2.11640113,-124.37820000
2.11673447,-122.15030000
2.11706781,-123.88990000
2.11740116,-113.14740000
2.11773450,-125.88880000
2.11806785,-144.81030000
2.11840119,-154.94250000
2.11873453,-166.15800000
2.11906788,-187.01740000
2.11940122,-200.36930000
2.11973457,-213.00390000
2.12006791,-224.72300000
2.12040125,-215.39960000
2.12073460,-226.61520000
2.12106794,-255.22630000
2.12140129,-234.59580000
2.12173463,-241.52350000
2.12206797,-229.39240000
2.12240132,-211.99680000
2.12273466,-217.81060000
2.12306801,-216.68140000
2.12340135,-199.66730000
2.12373469,-166.29530000
2.12406804,-153.43180000
2.12440138,-154.43890000
2.12473473,-139.57640000
2.12506807,-133.42690000
2.12540141,-123.14220000
2.12573476,-111.95710000
2.12606810,-110.40070000
2.12640145,-108.50860000
2.12673479,-115.17680000
2.12706813,-103.56460000
2.12740148,-109.30200000
2.12773482,-112.97950000
2.12806817,-123.05060000
2.12840151,-146.22940000
2.12873485,-160.75620000
2.12906820,-181.00530000
2.12940154,-183.58410000
2.12973489,-192.22080000
2.13006823,-201.51370000
2.13040157,-210.71500000
2.13073492,-205.28270000
2.13106826,-217.04760000
2.13140161,-202.97860000
2.13173495,-216.26940000
2.13206829,-189.24530000
2.13240164,-196.03560000
2.13273498,-196.52390000
2.13306833,-182.33280000
2.13340167,-169.04200000
2.13373501,-149.64750000
2.13406836,-131.73310000
2.13440170,-123.79830000
2.13473505,-119.14430000
2.13506839,-110.49230000
2.13540173,-109.94290000
2.13573508,-91.84544000
2.13606842,-90.01434000
2.13640177,-83.28500000
2.13673511,-90.88412000
2.13706845,-88.13745000
2.13740180,-90.35004000
2.13773514,-104.83110000
2.13806849,-123.67630000
2.13840183,-133.18280000
2.13873517,-158.49790000
2.13906852,-164.03700000
2.13940186,-176.12230000
2.13973521,-182.50070000
2.14006855,-181.64620000
2.14040189,-197.08850000
2.14073524,-189.61150000
2.14106858,-209.54010000
2.14140193,-204.21460000
2.14173527,-213.21760000
2.14206861,-195.66940000
2.14240196,-192.12930000
2.14273530,-189.70300000
2.14306865,-188.84850000
2.14340199,-177.54140000
2.14373533,-146.19890000
2.14406868,-124.31710000
2.14440202,-113.23890000
2.14473537,-103.93080000
2.14506871,-98.91048000
2.14540205,-81.69804000
2.14573540,-57.60368000
2.14606874,-77.16605000
2.14640209,-64.63820000
2.14673543,-68.86501000
2.14706877,-66.51508000
2.14740212,-67.76635000
2.14773546,-79.98901000
2.14806881,-91.52500000
2.14840215,-103.82400000
2.14873549,-122.28770000
2.14906884,-136.93650000
2.14940218,-149.76960000
2.14973553,-147.19080000
2.15006887,-159.74910000
2.15040221,-170.29330000
2.15073556,-165.18140000
2.15106890,-172.18540000
2.15140225,-162.02280000
2.15173559,-168.37060000
2.15206893,-160.34420000
2.15240228,-163.99120000
2.15273562,-150.10530000
2.15306897,-142.15520000
2.15340231,-125.26320000
2.15373565,-108.41700000
2.15406900,-94.39375000
2.15440234,-89.14456000
2.15473569,-75.51804000
2.15506903,-76.60146000
2.15540237,-59.69420000
2.15573572,-50.63020000
2.15606906,-55.65050000
2.15640241,-45.50310000
2.15673575,-60.59449000
2.15706909,-45.01480000
2.15740244,-58.73287000
2.15773578,-58.91598000
2.15806913,-71.74902000
2.15840247,-90.13641000
2.15873581,-96.63686000
2.15906916,-113.04060000
2.15940250,-133.35060000
2.15973585,-144.61190000
2.16006919,-149.46440000
2.16040253,-152.47050000
2.16073588,-158.54370000
2.16106922,-171.57500000
2.16140257,-174.55060000
2.16173591,-171.83450000
2.16206925,-165.37980000
2.16240260,-168.15700000
2.16273594,-156.97190000
2.16306929,-156.01060000
2.16340263,-140.99550000
2.16373597,-118.01510000
2.16406932,-88.80886000
2.16440266,-66.08783000
2.16473601,-61.26590000
2.16506935,-43.12265000
2.16540269,-38.11761000
2.16573604,-32.94473000
2.16606938,-41.24576000
2.16640273,-28.97732000
2.16673607,-30.76266000
2.16706941,-43.74828000
2.16740276,-36.40858000
2.16773610,-46.14398000
2.16806945,-51.22532000
2.16840279,-64.31775000
2.16873613,-86.01641000
2.16906948,-102.86260000
2.16940282,-108.87480000
2.16973617,-124.59180000
2.17006951,-141.51430000
2.17040285,-152.40940000
2.17073620,-143.78790000
2.17106954,-137.74530000
2.17140289,-147.63330000
2.17173623,-131.39740000
2.17206957,-149.64750000
2.17240292,-143.43700000
2.17273626,-129.00170000
2.17306961,-101.68770000
2.17340295,-96.62160000
2.17373629,-95.26352000
2.17406964,-75.02975000
2.17440298,-51.01168000
2.17473633,-43.58043000
2.17506967,-37.36991000
2.17540301,-24.65895000
2.17573636,-25.89495000
2.17606970,-29.37406000
2.17640305,-24.32325000
2.17673639,-27.52769000
2.17706973,-40.02502000
2.17740308,-26.03229000
2.17773642,-39.84191000
2.17806977,-45.06058000
2.17840311,-61.58635000
2.17873646,-78.24945000
2.17906980,-93.47819000
2.17940314,-107.19630000
2.17973649,-119.87670000
2.18006983,-128.80340000
2.18040318,-131.10750000
2.18073652,-138.29460000
2.18106986,-155.18660000
2.18140321,-146.04630000
2.18173655,-148.77770000
2.18206990,-149.78480000
2.18240324,-142.46040000
2.18273658,-141.85000000
2.18306993,-129.64260000
2.18340327,-129.47480000
2.18373662,-115.83300000
2.18406996,-85.37553000
2.18440330,-55.49791000
2.18473665,-45.22843000
2.18506999,-35.82873000
2.18540334,-28.42799000
2.18573668,-12.49733000
2.18607002,-29.02310000
2.18640337,-15.83911000
2.18673671,-20.41688000
2.18707006,-20.14222000
2.18740340,-14.87777000
2.18773674,-33.34147000
2.18807009,-48.47865000
2.18840343,-65.00442000
2.18873678,-69.99420000
2.18907012,-92.27271000
2.18940346,-103.30510000
2.18973681,-106.41800000
2.19007015,-114.93270000
2.19040350,-135.95990000
2.19073684,-130.92440000
2.19107018,-127.04850000
2.19140353,-127.76570000
2.19173687,-142.17050000
2.19207022,-132.43510000
2.19240356,-113.23890000
2.19273690,-104.87690000
2.19307025,-91.81493000
2.19340359,-82.18634000
2.19373694,-64.05834000
2.19407028,-55.39109000
2.19440362,-36.02710000
2.19473697,-29.20621000
2.19507031,-21.40873000
2.19540366,-15.67125000
2.19573700,-30.18280000
2.19607034,-18.05170000
2.19640369,-16.14429000
2.19673703,-18.12799000
2.19707038,-19.45555000
2.19740372,-22.56844000
2.19773706,-22.53792000
2.19807041,-40.11658000
2.19840375,-47.07480000
2.19873710,-73.56486000
2.19907044,-82.94930000
2.19940378,-91.57078000
2.19973713,-109.57670000
2.20007047,-130.75650000
2.20040382,-126.30080000
2.20073716,-122.31820000
2.20107050,-137.65370000
2.20140385,-144.96290000
2.20173719,-138.38620000
2.20207054,-134.34250000
2.20240388,-138.32510000
2.20273722,-137.62320000
2.20307057,-135.38010000
2.20340391,-115.78720000
2.20373726,-90.74679000
2.20407060,-71.68798000
2.20440394,-59.87731000
2.20473729,-43.33628000
2.20507063,-32.94473000
2.20540398,-21.45451000
2.20573732,-7.78221900
2.20607066,-6.24103500
2.20640401,-11.99377000
2.20673735,-18.75362000
2.20707070,0.00000000
2.20740404,-14.22162000
2.20773738,-32.80740000
2.20807073,-40.43702000
2.20840407,-49.47050000
2.20873742,-70.75716000
2.20907076,-88.07642000
2.20940410,-87.96960000
2.20973745,-111.13310000
2.21007079,-115.43630000
2.21040414,-134.87650000
2.21073748,-123.82880000
2.21107082,-112.24710000
2.21140417,-120.42600000
2.21173751,-118.47280000
2.21207086,-122.40970000
2.21240420,-110.67540000
2.21273754,-101.10780000
2.21307089,-82.43049000
2.21340423,-67.29331000
2.21373758,-61.31168000
2.21407092,-42.11554000
2.21440426,-29.51140000
2.21473761,-25.81866000
2.21507095,-23.36192000
2.21540430,0.44251840
2.21573764,0.03051851
2.21607098,-12.02429000
2.21640433,-9.39970000
2.21673767,-7.73644200
2.21707102,-0.88503670
2.21740436,-0.03051851
2.21773770,-28.19910000
2.21807105,-39.35361000
2.21840439,-58.42768000
2.21873774,-62.30353000
2.21907108,-81.95745000
2.21940442,-92.22693000
2.21973777,-104.44960000
2.22007111,-108.76800000
2.22040446,-120.68540000
2.22073780,-127.82680000
2.22107114,-136.46350000
2.22140449,-137.59270000
2.22173783,-146.35150000
2.22207118,-127.12480000
2.22240452,-129.23060000
2.22273786,-108.90530000
2.22307121,-113.13210000
2.22340455,-97.64397000
2.22373790,-76.14368000
2.22407124,-51.74413000
2.22440458,-40.77273000
2.22473793,-33.84502000
2.22507127,-15.88488000
2.22540462,-13.65703000
2.22573796,-18.32636000
2.22607130,0.59511090
2.22640465,-6.50044200
2.22673799,-2.22785100
2.22707134,-8.62147800
2.22740468,-5.29496100
2.22773802,3.11288800
2.22807137,-15.83911000
2.22840471,-33.67717000
2.22873806,-47.95984000
2.22907140,-65.20279000
2.22940474,-76.61671000
2.22973809,-101.50460000
2.23007143,-109.08840000
2.23040478,-108.50860000
2.23073812,-101.01630000
2.23107146,-125.58370000
2.23140481,-110.00400000
2.23173815,-110.69060000
2.23207150,-106.84530000
2.23240484,-109.11890000
2.23273818,-109.18000000
2.23307153,-93.76811000
2.23340487,-84.99404000
2.23373822,-77.01345000
2.23407156,-56.96280000
2.23440490,-41.81035000
2.23473825,-23.69762000
2.23507159,-24.03333000
2.23540494,-18.79940000
2.23573828,0.56459240
2.23607162,2.19733300
2.23640497,-14.14533000
2.23673831,5.06607200
2.23707166,-11.49022000
2.23740500,-12.34474000
2.23773834,-15.70177000
2.23807169,-35.92028000
2.23840503,-35.15732000
2.23873838,-59.60265000
2.23907172,-72.42042000
2.23940507,-86.74886000
2.23973841,-106.11290000
2.24007175,-117.74040000
2.24040510,-113.02530000
2.24073844,-113.86450000
2.24107179,-115.74140000
2.24140513,-139.71370000
2.24173847,-112.41490000
2.24207182,-139.08810000
2.24240516,-127.06380000
2.24273851,-107.74560000
2.24307185,-102.90840000
2.24340519,-90.82308000
2.24373854,-76.17419000
2.24407188,-66.16412000
2.24440523,-50.11139000
2.24473857,-38.05658000
2.24507191,-9.90325500
2.24540526,-15.35081000
2.24573860,-3.35703600
2.24607195,-4.82192400
2.24640529,2.38044400
2.24673863,-2.05999900
2.24707198,6.72933100
2.24740532,-3.81481300
2.24773867,-5.26444200
2.24807201,-17.44133000
2.24840535,-34.15021000
2.24873870,-52.07983000
2.24907204,-72.48145000
2.24940539,-82.01849000
2.24973873,-98.43745000
2.25007207,-102.11490000
2.25040542,-100.42120000
2.25073876,-98.59004000
2.25107211,-116.79430000
2.25140545,-110.01920000
2.25173879,-104.22070000
2.25207214,-100.78740000
2.25240548,-113.23890000
2.25273883,-114.00190000
2.25307217,-105.12100000
2.25340551,-81.60649000
2.25373886,-69.56694000
2.25407220,-50.24873000
2.25440555,-26.23066000
2.25473889,-17.36503000
2.25507223,-10.43733000
2.25540558,-12.90933000
2.25573892,-5.76799800
2.25607227,14.45051000
2.25640561,1.14444400
2.25673895,-1.23600000
2.25707230,-1.37333300
2.25740564,1.87688800
2.25773899,-9.14029300
2.25807233,-22.88888000
2.25840567,-29.46562000
2.25873902,-41.55095000
2.25907236,-62.59346000
2.25940571,-78.87508000
2.25973905,-93.96648000
2.26007239,-106.46380000
2.26040574,-106.55540000
2.26073908,-106.03660000
2.26107243,-122.08930000
2.26140577,-114.13920000
2.26173911,-134.00680000
2.26207246,-124.80540000
2.26240580,-119.46470000
2.26273915,-117.00800000
2.26307249,-115.11580000
2.26340583,-105.19730000
2.26373918,-84.50574000
2.26407252,-60.89968000
2.26440587,-31.72399000
2.26473921,-25.92547000
2.26507255,-14.19111000
2.26540590,-11.44444000
2.26573924,1.95318400
2.26607259,11.70385000
2.26640593,-5.32548000
2.26673927,1.93792500
2.26707262,2.10577700
2.26740596,8.43836700
2.26773931,1.06814800
2.26807265,-12.19214000
2.26840599,-26.20014000
2.26873934,-45.80828000
2.26907268,-56.68813000
2.26940603,-63.84472000
2.26973937,-80.47731000
2.27007271,-95.91967000
2.27040606,-98.74263000
2.27073940,-103.82400000
2.27107275,-111.94190000
2.27140609,-100.87890000
2.27173943,-117.89300000
2.27207278,-103.19830000
2.27240612,-95.59923000
2.27273947,-104.51060000
2.27307281,-101.68770000
2.27340615,-92.79152000
2.27373950,-74.72456000
2.27407284,-54.00250000
2.27440619,-32.24280000
2.27473953,-17.56340000
2.27507287,-14.11481000
2.27540622,-18.98251000
2.27573956,-18.93673000
2.27607291,4.34888700
2.27640625,-1.37333300
2.27673959,-8.59096100
2.27707294,-2.25836900
2.27740628,2.60933200
2.27773963,-8.05688600
2.27807297,-9.64384800
2.27840631,-28.96206000
2.27873966,-48.55495000
2.27907300,-64.14990000
2.27940635,-75.07553000
2.27973969,-90.44160000
2.28007303,-91.52500000
2.28040638,-104.03760000
2.28073972,-116.62650000
2.28107307,-123.50840000
2.28140641,-115.52780000
2.28173975,-130.90910000
2.28207310,-124.57650000
2.28240644,-126.63650000
2.28273979,-115.77200000
2.28307313,-121.72310000
2.28340647,-111.83510000
2.28373982,-86.58101000
2.28407316,-55.72679000
2.28440651,-24.93362000
2.28473985,-20.41688000
2.28507319,-17.38029000
2.28540654,-15.90014000
2.28573988,-8.78933000
2.28607323,9.38444100
2.28640657,5.05081300
2.28673991,7.85851600
2.28707326,0.82399970
2.28740660,7.72118200
2.28773995,3.12814700
2.28807329,-7.03451600
2.28840663,-27.57347000
2.28873998,-42.22235000
2.28907332,-56.29139000
2.28940667,-67.70531000
2.28974001,-75.93005000
2.29007335,-81.43864000
2.29040670,-96.68263000
2.29074004,-104.52590000
2.29107339,-107.12000000
2.29140673,-106.50960000
2.29174007,-99.23093000
2.29207342,-105.73140000
2.29240676,-98.25433000
2.29274011,-98.60530000
2.29307345,-70.54353000
2.29340679,-62.95968000
2.29374014,-52.52235000
2.29407348,-58.73287000
2.29440683,-48.32606000
2.29474017,-24.12488000
2.29507351,-3.60118400
2.29540686,4.39466500
2.29574020,14.52681000
2.29607355,7.21762700
2.29640689,-7.85851600
2.29674023,13.04666000
2.29707358,7.17184900
2.29740692,-4.62355400
2.29774027,-8.59096100
2.29807361,-10.66622000
2.29840695,-30.33540000
2.29874030,-42.14606000
2.29907364,-64.33302000
2.29940699,-76.54042000
2.29974033,-95.17197000
2.30007367,-109.18000000
2.30040702,-110.96530000
2.30074036,-115.17680000
2.30107371,-117.61830000
2.30140705,-112.78110000
2.30174040,-138.85920000
2.30207374,-118.39660000
2.30240708,-115.51260000
2.30274043,-114.82590000
2.30307377,-105.62460000
2.30340712,-106.46380000
2.30374046,-87.74071000
2.30407380,-45.62517000
2.30440715,-20.37111000
2.30474049,-22.15644000
2.30507384,-4.44044300
2.30540718,4.85244300
2.30574052,-4.77614600
2.30607387,5.24918300
2.30640721,21.11881000
2.30674056,-7.87377500
2.30707390,13.80962000
2.30740724,8.65199800
2.30774059,1.99896200
2.30807393,-10.02533000
2.30840728,-23.81969000
2.30874062,-41.06265000
2.30907396,-57.17642000
2.30940731,-70.54353000
2.30974065,-84.49049000
2.31007400,-87.32871000
2.31040734,-95.75182000
2.31074068,-106.60120000
2.31107403,-113.01000000
2.31140737,-103.06100000
2.31174072,-99.07834000
2.31207406,-113.30000000
2.31240740,-99.24619000
2.31274075,-102.57270000
2.31307409,-103.54930000
2.31340744,-90.82308000
2.31374078,-76.03686000
2.31407412,-52.06457000
2.31440747,-37.59880000
2.31474081,-27.00888000
2.31507416,-17.74651000
2.31540750,-5.09659100
2.31574084,4.40992500
2.31607419,1.75481400
2.31640753,3.58592500
2.31674088,-2.60933200
2.31707422,17.31925000
2.31740756,0.04577776
2.31774091,-13.10770000
2.31807425,-11.53600000
2.31840760,-31.66295000
2.31874094,-44.78591000
2.31907428,-58.22931000
2.31940763,-62.25776000
2.31974097,-79.74487000
2.32007432,-93.98174000
2.32040766,-102.40480000
2.32074100,-103.88500000
2.32107435,-119.48000000
2.32140769,-120.48710000
2.32174104,-117.99980000
2.32207438,-122.34870000
2.32240772,-109.71400000
2.32274107,-106.18910000
2.32307441,-110.06500000
2.32340776,-102.93890000
2.32374110,-97.36930000
2.32407444,-68.17834000
2.32440779,-48.73806000
2.32474113,-42.84798000
2.32507448,-12.14637000
2.32540782,0.91555520
2.32574116,10.83407000
2.32607451,-4.08948000
2.32640785,12.39051000
2.32674120,-0.71718490
2.32707454,10.83407000
2.32740788,7.50755300
2.32774123,-3.34177700
2.32807457,-23.22458000
2.32840792,-26.94784000
2.32874126,-40.77273000
2.32907460,-62.25776000
2.32940795,-68.19360000
2.32974129,-68.80398000
2.33007464,-85.90960000
2.33040798,-90.19745000
2.33074132,-97.17093000
2.33107467,-99.64293000
2.33140801,-113.74250000
2.33174136,-98.81893000
2.33207470,-104.12910000
2.33240804,-92.92886000
2.33274139,-94.95834000
2.33307473,-86.44367000
2.33340808,-75.57909000
2.33374142,-61.00650000
2.33407476,-48.32606000
2.33440811,-40.52858000
2.33474145,-37.87347000
2.33507480,-22.69051000
2.33540814,-10.95614000
2.33574148,3.61644300
2.33607483,-0.76296270
2.33640817,-1.86162900
2.33674152,2.19733300
2.33707486,8.89614600
2.33740820,-4.66933200
2.33774155,-5.23392400
2.33807489,-13.48918000
2.33840824,-35.44725000
2.33874158,-50.44709000
2.33907492,-67.44590000
2.33940827,-75.59435000
2.33974161,-85.69597000
2.34007496,-95.96545000
2.34040830,-100.57370000
2.34074164,-105.42620000
2.34107499,-117.42000000
2.34140833,-132.57240000
2.34174168,-117.64880000
2.34207502,-135.71580000
2.34240836,-108.31020000
2.34274171,-100.97050000
2.34307505,-104.90740000
2.34340840,-99.47507000
2.34374174,-96.48426000
2.34407508,-73.54960000
2.34440843,-49.25687000
2.34474177,-39.65880000
2.34507512,-18.53999000
2.34540846,-6.21051600
2.34574180,-2.88399900
2.34607515,-9.73540400
2.34640849,11.50548000
2.34674184,9.97955200
2.34707518,7.55333000
2.34740852,1.60222200
2.34774187,-5.08133200
2.34807521,-14.69466000
2.34840856,-25.16251000
2.34874190,-38.60591000
2.34907524,-60.18250000
2.34940859,-67.21701000
2.34974193,-72.46619000
2.35007528,-80.76723000
2.35040862,-99.09360000
2.35074196,-104.77000000
2.35107531,-99.18515000
2.35140865,-113.86450000
2.35174200,-94.88204000
2.35207534,-108.99680000
2.35240868,-92.71523000
2.35274203,-103.15250000
2.35307537,-97.17093000
2.35340872,-94.83626000
2.35374206,-69.94842000
2.35407540,-52.03405000
2.35440875,-39.18576000
2.35474209,-34.92843000
2.35507544,-12.86355000
2.35540878,-11.53600000
2.35574212,-1.41911100
2.35607547,8.72829300
2.35640881,-0.12207400
2.35674216,4.65407200
2.35707550,-1.25125900
2.35740884,-11.15452000
2.35774219,-0.61037020
2.35807553,-5.56962800
2.35840888,-21.56133000
2.35874222,-45.67095000
2.35907556,-66.08783000
2.35940891,-80.32471000
2.35974225,-90.94515000
2.36007560,-99.03256000
2.36040894,-100.75690000
2.36074228,-111.78930000
2.36107563,-126.95700000
2.36140897,-115.89400000
2.36174232,-120.76170000
2.36207566,-136.05150000
2.36240901,-117.08430000
2.36274235,-93.69182000
2.36307569,-104.51060000
2.36340904,-112.64380000
2.36374238,-104.15970000
2.36407573,-67.73582000
2.36440907,-43.41258000
2.36474241,-26.91732000
2.36507576,-31.00680000
2.36540910,-9.17081100
2.36574245,11.93274000
2.36607579,9.00296000
2.36640913,-1.92266600
2.36674248,-0.96133300
2.36707582,10.20844000
2.36740917,-2.04474000
2.36774251,7.38547900
2.36807585,-10.36103000
2.36840920,-21.27140000
2.36874254,-44.86221000
2.36907589,-58.04620000
2.36940923,-83.65123000
2.36974257,-86.09271000
2.37007592,-94.56159000
2.37040926,-103.10680000
2.37074261,-116.91640000
2.37107595,-117.40470000
2.37140929,-95.56870000
2.37174264,-106.98260000
2.37207598,-103.25940000
2.37240933,-111.75880000
2.37274267,-90.99094000
2.37307601,-87.81701000
2.37340936,-71.26072000
2.37374270,-69.75005000
2.37407605,-57.52739000
2.37440939,-36.80532000
2.37474273,-17.51762000
2.37507608,-1.02237000
2.37540942,-2.94503600
2.37574277,-3.67748000
2.37607611,7.46177500
2.37640945,-3.23496200
2.37674280,2.68562900
2.37707614,0.12207400
2.37740949,-3.11288800
2.37774283,4.45570200
2.37807617,-10.80355000
2.37840952,-19.42503000
2.37874286,-29.77081000
2.37907621,-57.96991000
2.37940955,-64.56190000
2.37974289,-81.37760000
2.38007624,-101.36720000
2.38040958,-101.10780000
2.38074293,-95.24826000
2.38107627,-110.88900000
2.38140961,-120.15140000
2.38174296,-118.85430000
2.38207630,-115.13110000
2.38240965,-112.27760000
2.38274299,-121.29580000
2.38307633,-112.65910000
2.38340968,-100.28380000
2.38374302,-90.68575000
2.38407637,-72.71034000
2.38440971,-38.83480000
2.38474305,-27.63451000
2.38507640,-12.77199000
2.38540974,9.64384800
2.38574309,15.86962000
2.38607643,7.78221900
2.38640977,11.29185000
2.38674312,-6.25629400
2.38707646,17.48710000
2.38740981,-2.01422100
2.38774315,-0.51881460
2.38807649,-8.83510900
2.38840984,-24.96414000
2.38874318,-41.65776000
2.38907653,-54.85702000
2.38940987,-73.33597000
2.38974321,-73.79375000
2.39007656,-77.94427000
2.39040990,-101.67240000
2.39074325,-113.97140000
2.39107659,-109.42410000
2.39140993,-107.22680000
2.39174328,-103.76290000
2.39207662,-113.66620000
2.39240997,-110.44650000
2.39274331,-103.67140000
2.39307665,-99.33775000
2.39341000,-86.55048000
2.39374334,-82.59834000
2.39407669,-58.35139000
2.39441003,-37.87347000
2.39474337,-17.60918000
2.39507672,-23.04147000
2.39541006,-18.14325000
2.39574341,-8.13318200
2.39607675,2.71614700
2.39641009,-2.89925800
2.39674344,12.97037000
2.39707678,-13.56548000
2.39741013,2.53303600
2.39774347,-2.48725800
2.39807681,-10.65096000
2.39841016,-19.25718000
2.39874350,-29.86236000
2.39907685,-49.69939000
2.39941019,-66.39301000
2.39974353,-68.04102000
2.40007688,-94.98885000
2.40041022,-99.38352000
2.40074357,-106.79950000
2.40107691,-113.13210000
2.40141025,-126.85020000
2.40174360,-113.60510000
2.40207694,-119.66310000
2.40241029,-106.86060000
2.40274363,-122.30290000
2.40307697,-121.92140000
2.40341032,-97.90337000
2.40374366,-94.37849000
2.40407701,-78.98190000
2.40441035,-65.05019000
2.40474369,-39.84191000
2.40507704,-17.27348000
2.40541038,-12.61940000
2.40574373,0.91555520
2.40607707,5.18814600
2.40641041,-13.77911000
2.40674376,15.86962000
2.40707710,-7.24814600
2.40741045,6.57673800
2.40774379,3.99792500
2.40807713,-7.33970100
2.40841048,-17.82281000
2.40874382,-35.21836000
2.40907717,-50.99643000
2.40941051,-64.43983000
2.40974385,-77.56279000
2.41007720,-84.96352000
2.41041054,-100.42120000
2.41074389,-100.57370000
2.41107723,-109.05790000
2.41141057,-113.02530000
2.41174392,-107.73030000
2.41207726,-117.32840000
2.41241061,-96.60634000
2.41274395,-108.17290000
2.41307729,-110.79740000
2.41341064,-89.37345000
2.41374398,-85.98589000
2.41407733,-65.46220000
2.41441067,-46.67805000
2.41474401,-28.82473000
2.41507736,-22.81259000
2.41541070,-23.74340000
2.41574405,-11.23081000
2.41607739,5.63066500
2.41641073,3.06711000
2.41674408,3.41807300
2.41707742,-6.21051600
2.41741077,4.68459100
2.41774411,-11.44444000
2.41807745,-16.86147000
2.41841080,-18.73836000
2.41874414,-39.13999000
2.41907749,-55.97094000
2.41941083,-65.52323000
2.41974417,-79.97375000
2.42007752,-87.09982000
2.42041086,-100.26860000
2.42074421,-110.69060000
2.42107755,-117.09950000
2.42141089,-119.58680000
2.42174424,-115.64990000
2.42207758,-126.31610000
2.42241093,-123.63050000
2.42274427,-106.93690000
2.42307762,-103.19830000
2.42341096,-106.35700000
2.42374430,-94.54633000
2.42407765,-72.63405000
2.42441099,-50.26398000
2.42474434,-27.28355000
2.42507768,-18.06696000
2.42541102,-14.70992000
2.42574437,-12.52785000
2.42607771,7.14133100
2.42641106,5.47807200
2.42674440,0.91555520
2.42707774,-2.10577700
2.42741109,6.53096100
2.42774443,0.93081450
2.42807778,-14.96933000
2.42841112,-13.41288000
2.42874446,-37.75139000
2.42907781,-52.07983000
2.42941115,-62.63924000
2.42974450,-75.12131000
2.43007784,-91.52500000
2.43041118,-98.81893000
2.43074453,-106.29600000
2.43107787,-114.23080000
2.43141122,-113.72720000
2.43174456,-96.53004000
2.43207790,-126.45340000
2.43241125,-106.99790000
2.43274459,-103.25940000
2.43307794,-100.31430000
2.43341128,-93.46293000
2.43374462,-78.63094000
2.43407797,-65.17227000
2.43441131,-39.52147000
2.43474466,-26.81051000
2.43507800,-20.09644000
2.43541134,-15.38133000
2.43574469,-16.06799000
2.43607803,-6.97347900
2.43641138,4.66933200
2.43674472,1.52592500
2.43707806,6.24103500
2.43741141,3.11288800
2.43774475,-10.13214000
2.43807810,-18.49422000
2.43841144,-21.22562000
2.43874478,-38.28547000
2.43907813,-56.35242000
2.43941147,-71.29124000
2.43974482,-88.62575000
2.44007816,-98.14752000
2.44041150,-102.46590000
2.44074485,-119.49520000
2.44107819,-111.68250000
2.44141154,-117.69460000
2.44174488,-119.63260000
2.44207822,-129.99360000
2.44241157,-128.57450000
2.44274491,-108.32540000
2.44307826,-97.64397000
2.44341160,-98.25433000
2.44374494,-92.39478000
2.44407829,-75.53330000
2.44441163,-50.24873000
2.44474498,-14.14533000
2.44507832,-11.41392000
2.44541166,-11.64281000
2.44574501,-8.85036800
2.44607835,-6.39362700
2.44641170,4.62355400
2.44674504,1.32755500
2.44707838,4.48622100
2.44741173,5.26444200
2.44774507,0.16785180
2.44807842,-7.98059000
2.44841176,-8.56044100
2.44874510,-28.42799000
2.44907845,-49.76043000
2.44941179,-69.41434000
2.44974514,-85.57389000
2.45007848,-94.07330000
2.45041182,-103.19830000
2.45074517,-95.84338000
2.45107851,-100.36010000
2.45141186,-117.87770000
2.45174520,-108.43230000
2.45207854,-114.21550000
2.45241189,-114.00190000
2.45274523,-111.88080000
2.45307858,-101.88600000
2.45341192,-82.58308000
2.45374526,-76.50990000
2.45407861,-67.70531000
2.45441195,-42.95480000
2.45474530,-40.66591000
2.45507864,-22.67525000
2.45541198,-11.61229000
2.45574533,-2.51777700
2.45607867,13.56548000
2.45641202,-1.66325900
2.45674536,-3.05185100
2.45707870,-3.14340600
2.45741205,0.06103702
2.45774539,-4.36414700
2.45807874,-13.68755000
2.45841208,-28.27540000
2.45874542,-44.49598000
2.45907877,-56.65761000
2.45941211,-70.94028000
2.45974546,-82.88827000
2.46007880,-96.45374000
2.46041214,-102.14540000
2.46074549,-108.49330000
2.46107883,-118.85430000
2.46141218,-119.03740000
2.46174552,-125.26320000
2.46207886,-136.53980000
2.46241221,-129.99360000
2.46274555,-115.72620000
2.46307890,-110.26340000
2.46341224,-110.33970000
2.46374558,-101.26040000
2.46407893,-79.69908000
2.46441227,-45.96087000
2.46474562,-31.25095000
2.46507896,-18.81466000
2.46541230,-4.66933200
2.46574565,-1.57170300
2.46607899,-4.97451700
2.46641234,5.26444200
2.46674568,0.07629627
2.46707902,-4.95925800
2.46741237,-1.40385100
2.46774571,12.39051000
2.46807906,3.32651700
2.46841240,-11.33763000
2.46874574,-38.86532000
2.46907909,-49.25687000
2.46941243,-77.31864000
2.46974578,-73.51908000
2.47007912,-88.21375000
2.47041246,-95.49241000
2.47074581,-101.21460000
2.47107915,-102.05390000
2.47141250,-112.23180000
2.47174584,-100.17700000
2.47207918,-113.26940000
2.47241253,-104.02230000
2.47274587,-115.83300000
2.47307922,-116.47390000
2.47341256,-92.89833000
2.47374590,-84.53626000
2.47407925,-60.67079000
2.47441259,-52.72072000
2.47474594,-41.45939000
2.47507928,-21.98858000
2.47541262,-20.88992000
2.47574597,-1.81585100
2.47607931,2.99081400
2.47641266,0.27466660
2.47674600,-13.30607000
2.47707934,-1.66325900
2.47741269,8.83510900
2.47774603,-9.36918200
2.47807938,-23.59081000
2.47841272,-27.23777000
2.47874606,-37.70562000
2.47907941,-55.83361000
2.47941275,-76.81509000
2.47974610,-80.98087000
2.48007944,-98.81893000
2.48041278,-102.48110000
2.48074613,-112.93370000
2.48107947,-122.53180000
2.48141282,-116.27550000
2.48174616,-123.12690000
2.48207950,-126.59080000
2.48241285,-116.16870000
2.48274619,-125.44630000
2.48307954,-119.29690000
2.48341288,-127.03330000
2.48374622,-112.30810000
2.48407957,-84.99404000
2.48441291,-70.63509000
2.48474626,-38.11761000
2.48507960,-23.65184000
2.48541295,-18.82992000
2.48574629,-21.68340000
2.48607963,-10.05585000
2.48641298,10.94088000
2.48674632,-11.18503000
2.48707967,13.21451000
2.48741301,-7.84325600
2.48774635,-8.17896000
2.48807970,-6.46992300
2.48841304,-15.04562000
2.48874639,-32.60902000
2.48907973,-40.33021000
2.48941307,-66.63716000
2.48974642,-72.78664000
2.49007976,-84.67360000
2.49041311,-97.61345000
2.49074645,-105.02940000
2.49107979,-107.21150000
2.49141314,-110.55330000
2.49174648,-118.47280000
2.49207983,-99.58189000
2.49241317,-106.14340000
2.49274651,-107.77610000
2.49307986,-99.81078000
2.49341320,-91.84544000
2.49374655,-67.15598000
2.49407989,-52.99539000
2.49441323,-46.05243000
2.49474658,-33.70769000
2.49507992,-22.61421000
2.49541327,-7.55333000
2.49574661,-1.72429600
2.49607995,-0.68666640
2.49641330,-8.77407200
2.49674664,-0.28992580
2.49707999,-5.75273800
2.49741333,0.19837030
2.49774667,6.08844200
2.49808002,-8.75881200
2.49841336,-27.98547000
2.49874671,-38.95687000
2.49908005,-60.62502000
2.49941339,-70.19257000
2.49974674,-85.26871000
2.50008008,-92.85255000
2.50041343,-92.86781000
2.50074677,-103.35090000
2.50108011,-122.59280000
2.50141346,-123.32530000
2.50174680,-125.96510000
2.50208015,-140.14100000
2.50241349,-127.58260000
2.50274683,-126.77390000
2.50308018,-128.75760000
2.50341352,-122.51650000
2.50374687,-114.18500000
2.50408021,-92.56263000
2.50441355,-63.49376000
2.50474690,-48.18872000
2.50508024,-44.19080000
2.50541359,-38.80428000
2.50574693,-26.62740000
2.50608027,-1.02237000
2.50641362,4.25733200
2.50674696,-7.72118200
2.50708031,-1.72429600
2.50741365,5.37125700
2.50774699,-3.28074000
2.50808034,-1.06814800
2.50841368,-7.72118200
2.50874703,-28.96206000
2.50908037,-59.25168000
2.50941371,-62.63924000
2.50974706,-83.74278000
2.51008040,-93.12722000
2.51041375,-95.06515000
2.51074709,-98.14752000
2.51108043,-104.52590000
2.51141378,-108.67640000
2.51174712,-115.86350000
2.51208047,-105.36520000
2.51241381,-112.53700000
2.51274715,-104.87690000
2.51308050,-107.53200000
2.51341384,-87.89330000
2.51374719,-76.38783000
2.51408053,-63.57005000
2.51441387,-53.45317000
2.51474722,-37.72087000
2.51508056,-26.79525000
2.51541391,-12.00903000
2.51574725,-9.23184800
2.51608059,-1.64799900
2.51641394,-8.92666300
2.51674728,-4.83718300
2.51708063,5.05081300
2.51741397,-2.53303600
2.51774731,-8.25525600
2.51808066,-18.38740000
2.51841400,-28.51954000
2.51874735,-32.15125000
2.51908069,-48.46339000
2.51941403,-68.48353000
2.51974738,-82.03374000
2.52008072,-93.98174000
2.52041407,-113.36100000
2.52074741,-125.27850000
2.52108075,-120.60910000
2.52141410,-115.92460000
2.52174744,-126.89600000
2.52208079,-133.03020000
2.52241413,-126.88070000
2.52274747,-112.12500000
2.52308082,-114.68860000
2.52341416,-106.78430000
2.52374751,-100.95520000
2.52408085,-93.31033000
2.52441419,-68.97182000
2.52474754,-31.76977000
2.52508088,-25.54399000
2.52541423,-12.78725000
2.52574757,-12.23792000
2.52608091,-8.51466400
2.52641426,-0.15259250
2.52674760,2.48725800
2.52708095,-1.20548100
2.52741429,0.56459240
2.52774763,0.22888880
2.52808098,-3.73851700
2.52841432,-17.24296000
2.52874767,-34.62325000
2.52908101,-47.39524000
2.52941435,-62.21198000
2.52974770,-82.79671000
2.53008104,-86.93197000
2.53041439,-92.08959000
2.53074773,-99.01730000
2.53108107,-113.34570000
2.53141442,-115.57360000
2.53174776,-100.40590000
2.53208111,-115.00900000
2.53241445,-106.50960000
2.53274779,-98.92574000
2.53308114,-117.20630000
2.53341448,-99.88708000
2.53374783,-91.41819000
2.53408117,-75.10605000
2.53441451,-58.73287000
2.53474786,-51.22532000
2.53508120,-30.80843000
2.53541455,-7.46177500
2.53574789,7.23288600
2.53608123,-2.68562900
2.53641458,-2.76192500
2.53674792,-3.31125800
2.53708127,-8.81984900
2.53741461,-1.08340700
2.53774795,-4.07422100
2.53808130,-18.12799000
2.53841464,-15.09140000
2.53874799,-29.06888000
2.53908133,-47.27317000
2.53941467,-65.63005000
2.53974802,-76.06738000
2.54008136,-91.29612000
2.54041471,-112.30810000
2.54074805,-114.50540000
2.54108139,-119.86140000
2.54141474,-118.79330000
2.54174808,-123.78310000
2.54208143,-126.94170000
2.54241477,-132.58770000
2.54274811,-118.70170000
2.54308146,-112.96430000
2.54341480,-111.16370000
2.54374815,-94.28693000
2.54408149,-80.12634000
2.54441483,-55.20798000
2.54474818,-39.78088000
2.54508152,-22.33955000
2.54541487,-18.82992000
2.54574821,1.90740700
2.54608156,-8.17896000
2.54641490,-4.68459100
2.54674824,-1.90740700
2.54708159,-2.56355500
2.54741493,-3.83007300
2.54774828,0.56459240
2.54808162,-5.15762800
2.54841496,-13.38237000
2.54874831,-21.13407000
2.54908165,-47.95984000
2.54941500,-53.88042000
2.54974834,-71.85583000
2.55008168,-92.16589000
2.55041503,-106.81480000
2.55074837,-111.98770000
2.55108172,-102.77110000
2.55141506,-106.55540000
2.55174840,-104.28170000
2.55208175,-105.27360000
2.55241509,-115.77200000
2.55274844,-94.88204000
2.55308178,-90.45686000
2.55341512,-91.32664000
2.55374847,-85.61967000
2.55408181,-73.64116000
2.55441516,-55.10117000
2.55474850,-30.38117000
2.55508184,-10.45259000
2.55541519,-7.18710900
2.55574853,4.39466500
2.55608188,-1.84637000
2.55641522,3.20444300
2.55674856,-3.63170200
2.55708191,1.63274000
2.55741525,2.82296200
2.55774860,-13.82488000
2.55808194,-8.63673800
2.55841528,-14.45051000
2.55874863,-29.22147000
2.55908197,-38.08710000
2.55941532,-60.51820000
2.55974866,-72.74086000
2.56008200,-83.62070000
2.56041535,-93.24930000
2.56074869,-98.16278000
2.56108204,-112.84220000
2.56141538,-126.23980000
2.56174872,-124.07300000
2.56208207,-133.70160000
2.56241541,-126.66710000
2.56274876,-139.50010000
2.56308210,-116.32130000
2.56341544,-95.29404000
2.56374879,-105.33460000
2.56408213,-85.71123000
2.56441548,-69.71954000
2.56474882,-49.04324000
2.56508216,-35.08102000
2.56541551,-25.75762000
2.56574885,-14.87777000
2.56608220,-3.35703600
2.56641554,7.33970100
2.56674888,-10.36103000
2.56708223,3.81481300
2.56741557,7.06503400
2.56774892,-5.20340500
2.56808226,4.47096200
2.56841560,-6.17999800
2.56874895,-17.07511000
2.56908229,-43.58043000
2.56941564,-56.74916000
2.56974898,-75.39597000
2.57008232,-84.62782000
2.57041567,-96.05700000
2.57074901,-103.94600000
2.57108236,-102.89310000
2.57141570,-107.13520000
2.57174904,-105.44140000
2.57208239,-119.00690000
2.57241573,-106.84530000
2.57274908,-101.55030000
2.57308242,-108.27970000
2.57341576,-100.78740000
2.57374911,-75.77745000
2.57408245,-73.12234000
2.57441580,-66.08783000
2.57474914,-52.12561000
2.57508248,-33.93658000
2.57541583,-20.26429000
2.57574917,-0.36622210
2.57608252,4.85244300
2.57641586,2.18207300
2.57674920,-9.44547800
2.57708255,-2.91451700
2.57741589,1.34281400
2.57774924,-5.72222000
2.57808258,-11.07822000
2.57841592,-12.75674000
2.57874927,-25.71184000
2.57908261,-41.06265000
2.57941596,-56.73391000
2.57974930,-79.50072000
2.58008264,-88.56471000
2.58041599,-104.11390000
2.58074933,-108.56960000
2.58108268,-121.21950000
2.58141602,-126.10250000
2.58174936,-128.71180000
2.58208271,-118.97640000
2.58241605,-128.87970000
2.58274940,-123.70680000
2.58308274,-109.56140000
2.58341608,-118.15240000
2.58374943,-124.22560000
2.58408277,-100.92470000
2.58441612,-75.59435000
2.58474946,-48.50917000
2.58508280,-34.68428000
2.58541615,-35.55406000
2.58574949,-14.09955000
2.58608284,9.84221800
2.58641618,6.95822000
2.58674952,1.19022200
2.58708287,4.95925800
2.58741621,2.77718400
2.58774956,-7.46177500
2.58808290,-1.26651800
2.58841624,-8.51466400
2.58874959,-18.79940000
2.58908293,-42.89376000
2.58941628,-67.04916000
2.58974962,-85.02456000
2.59008296,-87.49656000
2.59041631,-95.62975000
2.59074965,-103.54930000
2.59108300,-106.54010000
2.59141634,-118.35080000
2.59174968,-112.07920000
2.59208303,-102.58800000
2.59241637,-108.21860000
2.59274972,-100.92470000
2.59308306,-100.29910000
2.59341640,-99.07834000
2.59374975,-94.63789000
2.59408309,-73.07656000
2.59441644,-67.40012000
2.59474978,-63.99731000
2.59508312,-33.24991000
2.59541647,-25.20829000
2.59574981,-5.38651700
2.59608316,2.51777700
2.59641650,-13.76385000
2.59674984,-8.57570100
2.59708319,-1.44962900
2.59741653,9.68962700
2.59774988,-0.36622210
2.59808322,-8.54518200
2.59841656,-7.96533100
2.59874991,-30.79317000
2.59908325,-40.78799000
2.59941660,-55.87939000
2.59974994,-69.91790000
2.60008328,-79.53123000
2.60041663,-93.47819000
2.60074997,-105.63980000
2.60108332,-108.79850000
2.60141666,-104.19020000
2.60175000,-125.67520000
2.60208335,-138.90500000
2.60241669,-128.57450000
2.60275004,-151.73800000
2.60308338,-113.91030000
2.60341672,-100.81790000
2.60375007,-102.60320000
2.60408341,-100.31430000
2.60441676,-89.69389000
2.60475010,-53.20902000
2.60508344,-28.04651000
2.60541679,-20.88992000
2.60575013,-25.65080000
2.60608348,-2.39570300
2.60641682,-4.91348000
2.60675016,-2.91451700
2.60708351,-5.21866500
2.60741685,6.36310900
2.60775020,-8.28577500
2.60808354,-9.90325500
2.60841689,-8.85036800
2.60875023,-26.01703000
2.60908357,-45.27421000
2.60941692,-55.52842000
2.60975026,-65.08072000
2.61008361,-74.78560000
2.61041695,-85.69597000
2.61075029,-87.92382000
2.61108364,-91.76915000
2.61141698,-110.49230000
2.61175033,-111.65200000
2.61208367,-115.61940000
2.61241701,-105.70090000
2.61275036,-111.97240000
2.61308370,-109.25630000
2.61341705,-89.83123000
2.61375039,-73.04604000
2.61408373,-70.77242000
2.61441708,-46.67805000
2.61475042,-30.53377000
2.61508377,-32.33436000
2.61541711,-28.93155000
2.61575045,-26.35273000
2.61608380,-11.68859000
2.61641714,-0.45777760
2.61675049,-2.83822100
2.61708383,9.15555200
2.61741717,1.99896200
2.61775052,-13.71807000
2.61808386,-5.89007200
2.61841721,-14.48103000
2.61875055,-23.33140000
2.61908389,-45.03006000
2.61941724,-64.34827000
2.61975058,-66.34724000
2.62008393,-87.92382000
2.62041727,-93.84441000
2.62075061,-99.52086000
2.62108396,-109.28680000
2.62141730,-110.44650000
2.62175065,-124.16460000
2.62208399,-114.88690000
2.62241733,-131.38220000
2.62275068,-125.81260000
2.62308402,-120.38020000
2.62341737,-99.74975000
2.62375071,-122.76070000
2.62408405,-94.54633000
2.62441740,-65.90472000
2.62475074,-34.39436000
2.62508409,-19.82177000
2.62541743,-10.66622000
2.62575077,-10.01007000
2.62608412,-5.09659100
2.62641746,6.53096100
2.62675081,3.83007300
2.62708415,10.23896000
2.62741749,5.09659100
2.62775084,6.88192400
2.62808418,6.45466400
2.62841753,-2.12103600
2.62875087,-19.71496000
2.62908421,-31.55614000
2.62941756,-56.15405000
2.62975090,-74.25153000
2.63008425,-77.28812000
2.63041759,-95.66026000
2.63075093,-101.87080000
2.63108428,-114.13920000
2.63141762,-108.61540000
2.63175097,-105.39570000
2.63208431,-88.94619000
2.63241765,-108.52380000
2.63275100,-94.05804000
2.63308434,-93.84441000
2.63341769,-99.99390000
2.63375103,-97.96441000
2.63408437,-78.43256000
2.63441772,-72.84767000
2.63475106,-41.50517000
2.63508441,-26.59688000
2.63541775,-11.01718000
2.63575109,5.56962800
2.63608444,10.42207000
2.63641778,1.20548100
2.63675113,2.79244400
2.63708447,4.51673900
2.63741781,-2.80770300
2.63775116,-3.76903600
2.63808450,-1.99896200
2.63841785,-18.43318000
2.63875119,-28.87051000
2.63908453,-38.75851000
2.63941788,-51.01168000
2.63975122,-71.58116000
2.64008457,-82.53730000
2.64041791,-90.97568000
2.64075125,-97.85760000
2.64108460,-100.03970000
2.64141794,-102.95420000
2.64175129,-122.48600000
2.64208463,-119.61730000
2.64241797,-127.17060000
2.64275132,-128.51340000
2.64308466,-130.89390000
2.64341801,-114.06290000
2.64375135,-103.18310000
2.64408469,-81.85063000
2.64441804,-68.11731000
2.64475138,-44.37391000
2.64508473,-20.98147000
2.64541807,-10.43733000
2.64575141,-19.34873000
2.64608476,-12.87881000
2.64641810,2.99081400
2.64675145,6.27155400
2.64708479,4.97451700
2.64741813,3.79955400
2.64775148,4.94399800
2.64808482,0.90029600
2.64841817,3.61644300
2.64875151,-11.71911000
2.64908485,-38.77377000
2.64941820,-46.49495000
2.64975154,-61.95257000
2.65008489,-74.00738000
2.65041823,-78.17316000
2.65075157,-92.10485000
2.65108492,-105.99080000
2.65141826,-101.51980000
2.65175161,-100.36010000
2.65208495,-105.44140000
2.65241829,-102.64900000
2.65275164,-101.84030000
2.65308498,-84.38367000
2.65341833,-88.32056000
2.65375167,-85.20767000
2.65408501,-80.50783000
2.65441836,-69.94842000
2.65475170,-42.74117000
2.65508505,-36.71376000
2.65541839,-30.19806000
2.65575173,-9.32340400
2.65608508,-2.04474000
2.65641842,15.27451000
2.65675177,-5.18814600
2.65708511,6.92770100
2.65741845,1.22074000
2.65775180,3.18918400
2.65808514,0.79348120
2.65841849,-0.24414810
2.65875183,-16.75466000
2.65908517,-30.45747000
2.65941852,-44.66384000
2.65975186,-58.09198000
2.66008521,-82.15582000
2.66041855,-96.37745000
2.66075189,-100.89420000
2.66108524,-111.16370000
2.66141858,-108.90530000
2.66175193,-114.93270000
2.66208527,-132.19090000
2.66241861,-120.02930000
2.66275196,-130.48190000
2.66308530,-114.23080000
2.66341865,-107.66930000
2.66375199,-108.41700000
2.66408533,-94.98885000
2.66441868,-76.98293000
2.66475202,-72.58826000
2.66508537,-43.91613000
2.66541871,-29.35880000
2.66575205,-12.23792000
2.66608540,-0.28992580
2.66641874,5.06607200
2.66675209,-4.13525800
2.66708543,4.71510900
2.66741877,7.27866400
2.66775212,3.26548000
2.66808546,9.46073700
2.66841881,12.10059000
2.66875215,-13.21451000
2.66908550,-22.20222000
2.66941884,-50.21820000
2.66975218,-64.13464000
2.67008553,-73.67168000
2.67041887,-87.66441000
2.67075222,-99.53612000
2.67108556,-109.77510000
2.67141890,-110.11080000
2.67175225,-107.50140000
2.67208559,-95.99596000
2.67241894,-112.78110000
2.67275228,-87.34397000
2.67308562,-102.90840000
2.67341897,-96.02648000
2.67375231,-68.95657000
2.67408566,-62.70028000
2.67441900,-45.76250000
2.67475234,-35.08102000
2.67508569,-26.13910000
2.67541903,-5.78325700
2.67575238,8.34681200
2.67608572,2.10577700
2.67641906,-0.12207400
2.67675241,12.78725000
2.67708575,-1.34281400
2.67741910,9.50651600
2.67775244,-6.60725700
2.67808578,9.61333000
2.67841913,2.51777700
2.67875247,-10.30000000
2.67908582,-33.06680000
2.67941916,-44.32813000
2.67975250,-64.76027000
2.68008585,-80.62990000
2.68041919,-96.33167000
2.68075254,-104.26650000
2.68108588,-106.58590000
2.68141922,-126.54500000
2.68175257,-112.09450000
2.68208591,-120.09030000
2.68241926,-126.74340000
2.68275260,-110.59910000
2.68308594,-132.80130000
2.68341929,-119.32740000
2.68375263,-117.16060000
2.68408598,-97.50663000
2.68441932,-78.08160000
2.68475266,-56.81020000
2.68508601,-29.35880000
2.68541935,-21.48503000
2.68575270,-17.36503000
2.68608604,7.44651600
2.68641938,10.28474000
2.68675273,5.08133200
2.68708607,8.83510900
2.68741942,-7.98059000
2.68775276,16.83096000
2.68808610,9.65910700
2.68841945,-2.34992500
2.68875279,-11.94800000
2.68908614,-20.40162000
2.68941948,-34.19599000
2.68975282,-51.71361000
2.69008617,-69.32279000
2.69041951,-77.50175000
2.69075286,-98.11700000
2.69108620,-99.50560000
2.69141954,-99.99390000
2.69175289,-102.19120000
2.69208623,-110.37020000
2.69241958,-107.88290000
2.69275292,-111.45360000
2.69308626,-83.54441000
2.69341961,-85.84856000
2.69375295,-83.10189000
2.69408630,-71.62694000
2.69441964,-69.96368000
2.69475298,-57.69524000
2.69508633,-36.83584000
2.69541967,-17.54814000
2.69575302,-10.34577000
2.69608636,-5.72222000
2.69641970,9.04873700
2.69675305,0.03051851
2.69708639,-4.77614600
2.69741974,7.43125700
2.69775308,3.50962800
2.69808642,-1.25125900
2.69841977,-7.37022000
2.69875311,-18.29585000
2.69908646,-19.89807000
2.69941980,-50.66072000
2.69975314,-58.33613000
2.70008649,-68.08679000
2.70041983,-75.41123000
2.70075318,-92.68471000
2.70108652,-105.79240000
2.70141986,-105.70090000
2.70175321,-115.03950000
2.70208655,-118.24400000
2.70241990,-117.05370000
2.70275324,-121.82990000
2.70308658,-116.47390000
2.70341993,-101.27570000
2.70375327,-89.02249000
2.70408662,-89.92278000
2.70441996,-61.06753000
2.70475330,-39.91821000
2.70508665,-23.19407000
2.70541999,2.27362900
2.70575334,10.91037000
2.70608668,1.60222200
2.70642002,-2.33466600
2.70675337,10.77303000
2.70708671,-2.88399900
2.70742006,8.17896000
2.70775340,-4.91348000
2.70808674,7.15659000
2.70842009,0.03051851
2.70875343,-8.85036800
2.70908678,-22.75155000
2.70942012,-37.75139000
2.70975346,-61.79998000
2.71008681,-79.33286000
2.71042015,-89.23612000
2.71075350,-96.13330000
2.71108684,-94.27167000
2.71142018,-100.58900000
2.71175353,-106.09760000
2.71208687,-94.98885000
2.71242022,-109.86660000
2.71275356,-96.40797000
2.71308690,-83.77330000
2.71342025,-103.19830000
2.71375359,-99.73448000
2.71408694,-80.15686000
2.71442028,-74.63301000
2.71475362,-45.76250000
2.71508697,-42.23761000
2.71542031,-23.49925000
2.71575366,-9.39970000
2.71608700,17.62444000
2.71642034,26.20014000
2.71675369,-0.61037020
2.71708703,1.61748100
2.71742038,10.80355000
2.71775372,9.26236700
2.71808706,13.19925000
2.71842041,0.45777760
2.71875375,-15.47288000
2.71908710,-34.10443000
2.71942044,-48.75331000
2.71975378,-57.77153000
2.72008713,-74.34308000
2.72042047,-84.68886000
2.72075382,-94.07330000
2.72108716,-93.27982000
2.72142050,-107.62350000
2.72175385,-116.27550000
2.72208719,-109.30200000
2.72242054,-126.56020000
2.72275388,-119.32740000
2.72308722,-121.40260000
2.72342057,-96.08752000
2.72375391,-95.06515000
2.72408726,-83.45286000
2.72442060,-75.64012000
2.72475394,-58.36665000
2.72508729,-26.16962000
2.72542063,-15.59496000
2.72575398,2.77718400
2.72608732,14.72518000
2.72642066,14.52681000
2.72675401,4.31836900
2.72708735,13.87066000
2.72742070,1.09866600
2.72775404,12.68044000
2.72808738,22.03436000
2.72842073,2.10577700
2.72875407,-9.59807000
2.72908742,-29.72503000
2.72942076,-37.07999000
2.72975411,-60.85390000
2.73008745,-68.19360000
2.73042079,-77.85271000
2.73075414,-90.30427000
2.73108748,-98.49848000
2.73142083,-104.44960000
2.73175417,-103.39670000
2.73208751,-101.87080000
2.73242086,-95.12619000
2.73275420,-89.54131000
2.73308755,-107.37940000
2.73342089,-102.38960000
2.73375423,-75.42649000
2.73408758,-65.23331000
2.73442092,-52.07983000
2.73475427,-38.89584000
2.73508761,-37.40043000
2.73542095,-26.15436000
2.73575430,-13.12296000
2.73608764,5.55436800
2.73642099,10.77303000
2.73675433,-0.97659220
2.73708767,7.50755300
2.73742102,5.84429400
2.73775436,12.98563000
2.73808771,0.76296270
2.73842105,14.46577000
2.73875439,-13.30607000
2.73908774,-34.04340000
2.73942108,-48.37183000
2.73975443,-64.72975000
2.74008777,-72.67982000
2.74042111,-78.02057000
2.74075446,-91.08249000
2.74108780,-101.29090000
2.74142115,-108.69170000
2.74175449,-109.77510000
2.74208783,-109.39360000
2.74242118,-119.44940000
2.74275452,-117.32840000
2.74308787,-116.21450000
2.74342121,-97.53716000
2.74375455,-91.93700000
2.74408790,-85.36027000
2.74442124,-72.25256000
2.74475459,-45.60991000
2.74508793,-26.39851000
2.74542127,-11.10874000
2.74575462,0.27466660
2.74608796,9.81170100
2.74642131,14.29792000
2.74675465,-1.00711100
2.74708799,11.52074000
2.74742134,2.54829500
2.74775468,20.32533000
2.74808803,8.60621900
2.74842137,3.87585000
2.74875471,-12.14637000
2.74908806,-19.83703000
2.74942140,-41.59673000
2.74975475,-55.13169000
2.75008809,-78.90560000
2.75042143,-77.05923000
2.75075478,-88.27479000
2.75108812,-89.23612000
2.75142147,-101.97760000
2.75175481,-99.67345000
2.75208815,-85.95538000
2.75242150,-102.80160000
2.75275484,-91.28086000
2.75308819,-90.45686000
2.75342153,-94.75996000
2.75375487,-82.29315000
2.75408822,-65.61479000
2.75442156,-52.85806000
2.75475491,-36.69851000
2.75508825,-22.65999000
2.75542159,-16.98355000
2.75575494,-10.31526000
2.75608828,-3.58592500
2.75642163,14.81674000
2.75675497,9.39970000
2.75708831,12.87881000
2.75742166,10.30000000
2.75775500,14.69466000
2.75808835,3.76903600
2.75842169,1.41911100
2.75875503,-7.78221900
2.75908838,-24.23170000
2.75942172,-42.19184000
2.75975507,-51.19479000
2.76008841,-66.11835000
2.76042175,-81.43864000
2.76075510,-94.50056000
2.76108844,-103.27460000
2.76142179,-106.92160000
2.76175513,-103.86970000
2.76208847,-111.78930000
2.76242182,-112.85740000
2.76275516,-118.13710000
2.76308851,-107.59300000
2.76342185,-112.46070000
2.76375519,-99.00204000
2.76408854,-96.34693000
2.76442188,-88.93093000
2.76475523,-55.61998000
2.76508857,-43.74828000
2.76542191,-23.66710000
2.76575526,-9.21658900
2.76608860,-12.11585000
2.76642195,1.20548100
2.76675529,14.09955000
2.76708863,13.85540000
2.76742198,15.91540000
2.76775532,11.03244000
2.76808867,19.86755000
2.76842201,15.76281000
2.76875535,-6.01214600
2.76908870,-16.23585000
2.76942204,-25.33036000
2.76975539,-41.47465000
2.77008873,-58.62605000
2.77042207,-65.52323000
2.77075542,-72.17627000
2.77108876,-88.91567000
2.77142211,-96.08752000
2.77175545,-100.20750000
2.77208879,-91.79967000
2.77242214,-93.79863000
2.77275548,-89.83123000
2.77308883,-97.04886000
2.77342217,-104.17490000
2.77375551,-83.59019000
2.77408886,-62.19672000
2.77442220,-55.95568000
2.77475555,-49.83672000
2.77508889,-46.73909000
2.77542223,-25.66606000
2.77575558,-2.89925800
2.77608892,5.27970200
2.77642227,17.59392000
2.77675561,28.59584000
2.77708895,10.14740000
2.77742230,16.00696000
2.77775564,14.54207000
2.77808899,15.48814000
2.77842233,12.51259000
2.77875567,6.46992300
2.77908902,-10.80355000
2.77942236,-33.44828000
2.77975571,-45.07584000
2.78008905,-58.25983000
2.78042239,-67.49168000
2.78075574,-75.99108000
2.78108908,-84.07848000
2.78142243,-103.83920000
2.78175577,-105.21260000
2.78208911,-100.28380000
2.78242246,-101.88600000
2.78275580,-107.69980000
2.78308915,-113.20840000
2.78342249,-107.07420000
2.78375583,-90.71627000
2.78408918,-86.55048000
2.78442252,-70.25361000
2.78475587,-48.17347000
2.78508921,-15.86962000
2.78542255,-13.01614000
2.78575590,-11.55125000
2.78608924,3.50962800
2.78642259,16.73940000
2.78675593,6.39362700
2.78708927,14.95407000
2.78742262,21.34770000
2.78775596,11.47496000
2.78808931,10.69674000
2.78842265,12.75674000
2.78875599,1.19022200
2.78908934,-1.37333300
2.78942268,-19.10459000
2.78975603,-43.21421000
2.79008937,-49.98932000
2.79042271,-66.51508000
2.79075606,-71.09286000
2.79108940,-85.11612000
2.79142275,-93.40189000
2.79175609,-87.81701000
2.79208944,-97.03359000
2.79242278,-87.06931000
2.79275612,-106.11290000
2.79308947,-83.42234000
2.79342281,-88.96145000
2.79375616,-82.82722000
2.79408950,-67.52220000
2.79442284,-61.05227000
2.79475619,-28.85525000
2.79508953,-13.30607000
2.79542288,-14.78622000
2.79575622,-2.01422100
2.79608956,25.31510000
2.79642291,14.00799000
2.79675625,3.81481300
2.79708960,21.92755000
2.79742294,16.25110000
2.79775628,16.60207000
2.79808963,15.32029000
2.79842297,16.44948000
2.79875632,2.83822100
2.79908966,-8.91140500
2.79942300,-30.61006000
2.79975635,-46.66280000
2.80008969,-58.12250000
2.80042304,-76.78456000
2.80075638,-84.82619000
2.80108972,-88.65627000
2.80142307,-101.01630000
2.80175641,-89.05301000
2.80208976,-105.47200000
2.80242310,-119.76990000
2.80275644,-108.87480000
2.80308979,-107.34890000
2.80342313,-103.91550000
2.80375648,-95.67552000
2.80408982,-91.21983000
2.80442316,-88.18323000
2.80475651,-64.25671000
2.80508985,-36.39332000
2.80542320,-23.65184000
2.80575654,-12.48207000
2.80608988,0.36622210
2.80642323,24.67421000
2.80675657,30.91525000
2.80708992,15.38133000
2.80742326,11.49022000
2.80775660,12.97037000
2.80808995,17.22770000
2.80842329,21.01199000
2.80875664,10.92563000
2.80908998,-11.29185000
2.80942332,-16.83096000
2.80975667,-37.46147000
2.81009001,-50.00458000
2.81042336,-57.22220000
2.81075670,-72.26782000
2.81109004,-82.81197000
2.81142339,-86.93197000
2.81175673,-105.60930000
2.81209008,-85.29922000
2.81242342,-85.86382000
2.81275676,-82.73567000
2.81309011,-91.31138000
2.81342345,-82.18634000
2.81375680,-63.89050000
2.81409014,-60.47242000
2.81442348,-34.91317000
2.81475683,-35.53880000
2.81509017,-37.64458000
2.81542352,-23.83495000
2.81575686,-5.31022000
2.81609020,7.50755300
2.81642355,14.84725000
2.81675689,22.94992000
2.81709024,17.80755000
2.81742358,22.72103000
2.81775692,14.09955000
2.81809027,28.91629000
2.81842361,9.38444100
2.81875696,-0.33570360
2.81909030,-7.78221900
2.81942364,-23.81969000
2.81975699,-34.51643000
2.82009033,-54.00250000
2.82042368,-66.63716000
2.82075702,-79.08871000
2.82109036,-79.25657000
2.82142371,-106.75370000
2.82175705,-97.20145000
2.82209040,-101.10780000
2.82242374,-109.54620000
2.82275708,-109.21050000
2.82309043,-113.13210000
2.82342377,-100.00920000
2.82375712,-77.74590000
2.82409046,-82.49152000
2.82442380,-69.99420000
2.82475715,-54.24665000
2.82509049,-32.38013000
2.82542384,-11.82592000
2.82575718,-1.92266600
2.82609052,5.02029500
2.82642387,15.25925000
2.82675721,20.40162000
2.82709056,16.31214000
2.82742390,14.75570000
2.82775724,19.77599000
2.82809059,28.61110000
2.82842393,11.03244000
2.82875728,8.65199800
2.82909062,-10.92563000
2.82942396,-27.10044000
2.82975731,-34.85214000
2.83009065,-47.74620000
2.83042400,-66.08783000
2.83075734,-72.22205000
2.83109068,-80.05005000
2.83142403,-85.86382000
2.83175737,-97.07938000
2.83209072,-91.83018000
2.83242406,-94.25641000
2.83275740,-75.93005000
2.83309075,-86.01641000
2.83342409,-84.33789000
2.83375744,-72.72560000
2.83409078,-62.07464000
2.83442412,-32.68532000
2.83475747,-29.29777000
2.83509081,-19.63866000
2.83542416,-16.41896000
2.83575750,-1.44962900
2.83609084,7.44651600
2.83642419,24.36903000
2.83675753,19.57762000
2.83709088,8.57570100
2.83742422,32.24280000
2.83775756,19.59288000
2.83809091,32.95999000
2.83842425,8.95718300
2.83875760,-0.73244420
2.83909094,-2.54829500
2.83942428,-21.39347000
2.83975763,-38.28547000
2.84009097,-62.25776000
2.84042432,-69.64323000
2.84075766,-83.40708000
2.84109100,-84.85671000
2.84142435,-95.17197000
2.84175769,-94.43952000
2.84209104,-98.01019000
2.84242438,-108.53910000
2.84275772,-101.18410000
2.84309107,-116.32130000
2.84342441,-94.36322000
2.84375776,-88.57997000
2.84409110,-77.89849000
2.84442444,-66.91183000
2.84475779,-43.27524000
2.84509113,-17.18192000
2.84542448,-6.91244200
2.84575782,-2.44148100
2.84609116,3.46385000
2.84642451,24.30799000
2.84675785,26.32221000
2.84709120,22.53792000
2.84742454,26.55110000
2.84775788,18.67733000
2.84809123,26.15436000
2.84842457,19.86755000
2.84875792,6.63777500
2.84909126,3.37229500
2.84942460,-18.66207000
2.84975795,-28.42799000
2.85009129,-48.50917000
2.85042464,-53.39213000
2.85075798,-62.85286000
2.85109132,-74.20575000
2.85142467,-86.01641000
2.85175801,-89.60234000
2.85209136,-84.71938000
2.85242470,-82.23212000
2.85275805,-83.97167000
2.85309139,-85.45182000
2.85342473,-74.11420000
2.85375808,-70.68087000
2.85409142,-59.22116000
2.85442477,-43.53465000
2.85475811,-41.47465000
2.85509145,-35.67614000
2.85542480,-10.54414000
2.85575814,-0.45777760
2.85609149,10.91037000
2.85642483,14.66414000
2.85675817,26.84103000
2.85709152,31.55614000
2.85742486,14.98459000
2.85775821,34.27229000
2.85809155,21.39347000
2.85842489,15.33555000
2.85875824,7.75170100
2.85909158,3.37229500
2.85942493,-12.17688000
2.85975827,-22.65999000
2.86009161,-41.64250000
2.86042496,-66.10309000
2.86075830,-73.10708000
2.86109165,-85.95538000
2.86142499,-88.32056000
2.86175833,-84.52100000
2.86209168,-96.20959000
2.86242502,-103.33570000
2.86275837,-91.98278000
2.86309171,-100.19230000
2.86342505,-104.08340000
2.86375840,-85.28397000
2.86409174,-91.02145000
2.86442509,-81.75908000
2.86475843,-60.12146000
2.86509177,-29.11466000
2.86542512,-5.27970200
2.86575846,1.31229600
2.86609181,13.07718000
2.86642515,13.01614000
2.86675849,22.56844000
2.86709184,27.86340000
2.86742518,19.11984000
2.86775853,24.81155000
2.86809187,28.09229000
2.86842521,25.16251000
2.86875856,17.33451000
2.86909190,2.92977700
2.86942525,-14.11481000
2.86975859,-20.87466000
2.87009193,-40.16236000
2.87042528,-57.10013000
2.87075862,-64.94338000
2.87109197,-80.95035000
2.87142531,-80.24842000
2.87175865,-79.92797000
2.87209200,-82.29315000
2.87242534,-82.70515000
2.87275869,-84.18530000
2.87309203,-90.35004000
2.87342537,-80.84353000
2.87375872,-63.24961000
2.87409206,-58.15302000
2.87442541,-54.88754000
2.87475875,-28.07703000
2.87509209,-12.66518000
2.87542544,-1.34281400
2.87575878,-0.91555520
2.87609213,14.14533000
2.87642547,9.78118100
2.87675881,25.36088000
2.87709216,21.83599000
2.87742550,19.08933000
2.87775885,22.49214000
2.87809219,37.36991000
2.87842553,18.87570000
2.87875888,3.95214700
2.87909222,3.70799900
2.87942557,-9.70488500
2.87975891,-33.89080000
2.88009225,-51.40842000
2.88042560,-66.85079000
2.88075894,-68.95657000
2.88109229,-78.78353000
2.88142563,-85.42130000
2.88175897,-89.26664000
2.88209232,-93.29507000
2.88242566,-91.14352000
2.88275901,-104.11390000
2.88309235,-97.64397000
2.88342569,-89.15982000
2.88375904,-100.57370000
2.88409238,-93.06618000
2.88442573,-83.43760000
2.88475907,-62.56294000
2.88509241,-29.35880000
2.88542576,-3.25022100
2.88575910,9.09451500
2.88609245,21.77496000
2.88642579,21.14932000
2.88675913,15.45762000
2.88709248,29.87762000
2.88742582,36.82058000
2.88775917,28.74843000
2.88809251,24.46058000
2.88842585,23.14829000
2.88875920,27.02414000
2.88909254,14.17585000
2.88942589,0.06103702
2.88975923,-19.53185000
2.89009257,-32.53273000
2.89042592,-54.90280000
2.89075926,-60.67079000
2.89109261,-68.57509000
2.89142595,-74.25153000
2.89175929,-81.69804000
2.89209264,-83.98693000
2.89242598,-96.08752000
2.89275933,-71.58116000
2.89309267,-87.32871000
2.89342601,-71.10812000
2.89375936,-72.28308000
2.89409270,-52.81228000
2.89442605,-39.56725000
2.89475939,-34.33332000
2.89509273,-23.05673000
2.89542608,-4.10473900
2.89575942,14.86251000
2.89609277,20.08118000
2.89642611,16.80044000
2.89675945,26.47481000
2.89709280,34.62325000
2.89742614,22.76681000
2.89775949,38.88058000
2.89809283,27.13095000
2.89842617,19.47081000
2.89875952,11.20029000
2.89909286,5.64592400
2.89942621,-7.17184900
2.89975955,-20.23377000
2.90009289,-39.06369000
2.90042624,-55.04013000
2.90075958,-63.20383000
2.90109293,-74.99923000
2.90142627,-79.89745000
2.90175961,-91.38767000
2.90209296,-92.02856000
2.90242630,-87.84753000
2.90275965,-107.54720000
2.90309299,-84.26160000
2.90342633,-89.84649000
2.90375968,-88.38160000
2.90409302,-75.07553000
2.90442637,-66.42353000
2.90475971,-54.18561000
2.90509305,-24.96414000
2.90542640,-1.43437000
2.90575974,12.20740000
2.90609309,13.67229000
2.90642643,21.28666000
2.90675977,15.01511000
2.90709312,29.89288000
2.90742646,25.25406000
2.90775981,30.42695000
2.90809315,31.78502000
2.90842649,31.34251000
2.90875984,40.29969000
2.90909318,17.68548000
2.90942653,-1.95318400
2.90975987,-21.68340000
2.91009321,-35.72192000
2.91042656,-50.34028000
2.91075990,-59.61790000
2.91109325,-69.59746000
2.91142659,-72.90871000
2.91175993,-84.27686000
2.91209328,-88.54945000
2.91242662,-71.74902000
2.91275997,-80.50783000
2.91309331,-77.82220000
2.91342665,-84.53626000
2.91376000,-79.62279000
2.91409334,-57.40531000
2.91442669,-35.27940000
2.91476003,-27.31407000
2.91509338,-8.59096100
2.91542672,0.76296270
2.91576006,14.61837000
2.91609341,21.34770000
2.91642675,17.24296000
2.91676010,23.74340000
2.91709344,30.73214000
2.91742678,26.44429000
2.91776013,36.79006000
2.91809347,26.79525000
2.91842682,25.75762000
2.91876016,32.74636000
2.91909350,8.72829300
2.91942685,-4.73036900
2.91976019,-20.52369000
2.92009354,-37.55302000
2.92042688,-47.25791000
2.92076022,-54.47554000
2.92109357,-64.07360000
2.92142691,-84.47523000
2.92176026,-80.26368000
2.92209360,-92.65419000
2.92242694,-103.47300000
2.92276029,-90.06012000
2.92309363,-98.83419000
2.92342698,-95.35508000
2.92376032,-75.89953000
2.92409366,-77.82220000
2.92442701,-77.22708000
2.92476035,-65.55375000
2.92509370,-45.56413000
2.92542704,-24.33851000
2.92576038,-0.45777760
2.92609373,12.69570000
2.92642707,31.26621000
2.92676042,44.75539000
2.92709376,27.29881000
2.92742710,35.18784000
2.92776045,26.96310000
2.92809379,34.27229000
2.92842714,38.95687000
2.92876048,34.48591000
2.92909382,23.28562000
2.92942717,11.36814000
2.92976051,-6.25629400
2.93009386,-21.97333000
2.93042720,-44.52650000
2.93076054,-49.51628000
2.93109389,-64.11938000
2.93142723,-81.01138000
2.93176058,-87.55760000
2.93209392,-78.87508000
2.93242726,-63.63109000
2.93276061,-83.01034000
2.93309395,-61.89153000
2.93342730,-72.54249000
2.93376064,-58.03094000
2.93409398,-46.73909000
2.93442733,-37.23258000
2.93476067,-24.29273000
2.93509402,-27.63451000
2.93542736,-12.95511000
2.93576070,1.03762900
2.93609405,14.77096000
2.93642739,24.99466000
2.93676074,32.59377000
2.93709408,15.88488000
2.93742742,43.10739000
2.93776077,39.71984000
2.93809411,41.29154000
2.93842746,31.54088000
2.93876080,29.58769000
2.93909414,11.99377000
2.93942749,-5.78325700
2.93976083,-18.35688000
2.94009418,-27.42088000
2.94042752,-40.05554000
2.94076086,-46.70858000
2.94109421,-55.84887000
2.94142755,-70.16205000
2.94176090,-79.48546000
2.94209424,-86.10797000
2.94242758,-99.18515000
2.94276093,-93.92071000
2.94309427,-100.26860000
2.94342762,-96.13330000
2.94376096,-88.73256000
2.94409430,-87.23715000
2.94442765,-83.11715000
2.94476099,-63.28012000
2.94509434,-45.16739000
2.94542768,-12.14637000
2.94576102,11.38340000
2.94609437,15.86962000
2.94642771,29.06888000
2.94676106,36.77480000
2.94709440,32.45643000
2.94742774,40.22340000
2.94776109,24.62844000
2.94809443,34.48591000
2.94842778,41.24576000
2.94876112,32.15125000
2.94909446,26.67318000
2.94942781,9.46073700
2.94976115,-2.19733300
2.95009450,-15.62548000
2.95042784,-39.62828000
2.95076118,-47.99035000
2.95109453,-70.94028000
2.95142787,-81.04190000
2.95176122,-73.12234000
2.95209456,-66.48457000
2.95242790,-73.27493000
2.95276125,-82.23212000
2.95309459,-63.93628000
2.95342794,-81.98797000
2.95376128,-72.54249000
2.95409462,-51.43894000
2.95442797,-45.48784000
2.95476131,-20.26429000
2.95509466,-9.84221800
2.95542800,-8.11792300
2.95576134,5.82903500
2.95609469,22.64473000
2.95642803,30.25910000
2.95676138,22.65999000
2.95709472,30.97629000
2.95742806,45.19791000
2.95776141,29.17569000
2.95809475,29.96918000
2.95842810,38.66695000
2.95876144,35.18784000
2.95909478,23.22458000
2.95942813,3.34177700
2.95976147,-9.01821900
2.96009482,-27.48192000
2.96042816,-43.39732000
2.96076150,-56.27613000
2.96109485,-62.16620000
2.96142819,-72.54249000
2.96176154,-88.71730000
2.96209488,-77.50175000
2.96242822,-82.85774000
2.96276157,-98.14752000
2.96309491,-89.17508000
2.96342826,-96.42323000
2.96376160,-76.08264000
2.96409494,-69.61272000
2.96442829,-59.61790000
2.96476163,-51.14902000
2.96509498,-32.62428000
2.96542832,-3.03659200
2.96576166,15.82385000
2.96609501,24.82681000
2.96642835,25.22355000
2.96676170,30.96103000
2.96709504,41.09317000
2.96742838,35.78295000
2.96776173,42.74117000
2.96809507,34.21125000
2.96842842,28.41273000
2.96876176,33.23465000
2.96909510,38.34650000
2.96942845,16.05273000
2.96976179,-7.76696000
2.97009514,-23.07199000
2.97042848,-44.32813000
2.97076182,-53.22428000
2.97109517,-65.55375000
2.97142851,-65.59953000
2.97176186,-76.31153000
2.97209520,-84.03271000
2.97242854,-64.82131000
2.97276189,-83.40708000
2.97309523,-68.91079000
2.97342858,-73.90057000
2.97376192,-58.48872000
2.97409526,-46.11346000
2.97442861,-35.52354000
2.97476195,-29.86236000
2.97509530,-24.55214000
2.97542864,-4.66933200
2.97576199,14.78622000
2.97609533,28.88577000
2.97642867,34.18073000
2.97676202,31.52562000
2.97709536,47.12057000
2.97742871,39.23154000
2.97776205,35.98132000
2.97809539,38.16339000
2.97842874,36.71376000
2.97876208,34.15021000
2.97909543,18.73836000
2.97942877,11.16977000
2.97976211,-1.02237000
2.98009546,-6.31733100
2.98042880,-37.78191000
2.98076215,-47.39524000
2.98109549,-53.91095000
2.98142883,-53.71257000
2.98176218,-72.74086000
2.98209552,-81.02664000
2.98242887,-91.52500000
2.98276221,-87.75597000
2.98309555,-83.83434000
2.98342890,-80.35523000
2.98376224,-89.00723000
2.98409559,-75.50278000
2.98442893,-60.93020000
2.98476227,-48.24976000
2.98509562,-40.91006000
2.98542896,-16.25110000
2.98576231,5.50859100
2.98609565,26.47481000
2.98642899,34.02814000
2.98676234,32.85317000
2.98709568,19.04355000
2.98742903,44.38917000
2.98776237,32.05969000
2.98809571,40.98635000
2.98842906,43.61095000
2.98876240,27.48192000
2.98909575,23.71288000
2.98942909,16.70888000
2.98976243,-0.04577776
2.99009578,-16.19007000
2.99042912,-30.44221000
2.99076247,-37.76665000
2.99109581,-57.64946000
2.99142915,-59.49583000
2.99176250,-68.51405000
2.99209584,-70.94028000
2.99242919,-61.61687000
2.99276253,-66.98812000
2.99309587,-69.23124000
2.99342922,-68.04102000
2.99376256,-57.14590000
2.99409591,-50.49287000
2.99442925,-36.86636000
2.99476259,-18.43318000
2.99509594,-9.70488500
2.99542928,1.60222200
2.99576263,6.98873800
2.99609597,31.76977000
2.99642931,31.78502000
2.99676266,34.34858000
2.99709600,42.72591000
2.99742935,44.37391000
2.99776269,34.60799000
2.99809603,37.44621000
2.99842938,48.66176000
2.99876272,33.26517000
2.99909607,22.46162000
2.99942941,20.96622000
2.99976275,3.23496200
3.00009610,-18.15851000
3.00042944,-31.35777000
3.00076279,-40.39125000
3.00109613,-53.48368000
3.00142947,-57.93939000
3.00176282,-69.56694000
3.00209616,-71.18443000
3.00242951,-85.95538000
3.00276285,-81.40812000
3.00309619,-86.15375000
3.00342954,-68.66664000
3.00376288,-73.24442000
3.00409623,-76.87612000
3.00442957,-74.92294000
3.00476291,-57.10013000
3.00509626,-32.91421000
3.00542960,-20.29481000
3.00576295,-2.88399900
3.00609629,19.57762000
3.00642963,30.47273000
3.00676298,44.99954000
3.00709632,44.95376000
3.00742967,27.43614000
3.00776301,47.62413000
3.00809635,39.55199000
3.00842970,41.23050000
3.00876304,49.91302000
3.00909639,39.90295000
3.00942973,20.38636000
3.00976307,2.74666600
3.01009642,-9.03347800
3.01042976,-27.39036000
3.01076311,-40.13184000
3.01109645,-54.46028000
3.01142979,-60.50294000
3.01176314,-64.88235000
3.01209648,-62.53242000
3.01242983,-67.79687000
3.01276317,-84.49049000
3.01309651,-67.29331000
3.01342986,-69.85686000
3.01376320,-67.41538000
3.01409655,-39.29258000
3.01442989,-44.43495000
3.01476323,-18.11273000
3.01509658,-4.42518400
3.01542992,-5.61540600
3.01576327,2.77718400
3.01609661,22.43110000
3.01642995,17.36503000
3.01676330,49.01273000
3.01709664,30.48799000
3.01742999,42.29865000
3.01776333,43.06161000
3.01809667,39.75036000
3.01843002,48.35658000
3.01876336,38.34650000
3.01909671,31.37303000
3.01943005,12.39051000
3.01976339,-2.63985100
3.02009674,-21.08829000
3.02043008,-33.84502000
3.02076343,-53.45317000
3.02109677,-64.53138000
3.02143011,-64.45509000
3.02176346,-71.36753000
3.02209680,-85.86382000
3.02243015,-73.42753000
3.02276349,-88.12219000
3.02309683,-79.07346000
3.02343018,-85.48234000
3.02376352,-75.80797000
3.02409687,-56.27613000
3.02443021,-56.44398000
3.02476355,-56.13879000
3.02509690,-30.53377000
3.02543024,2.53303600
3.02576359,21.75970000
3.02609693,32.10547000
3.02643027,32.30384000
3.02676362,27.89392000
3.02709696,34.82162000
3.02743031,48.43287000
3.02776365,28.71791000
3.02809699,46.46443000
3.02843034,44.00769000
3.02876368,35.43199000
3.02909703,13.77911000
3.02943037,19.57762000
3.02976371,2.70088800
3.03009706,-11.30711000
3.03043040,-21.45451000
3.03076375,-33.84502000
3.03109709,-41.36784000
3.03143043,-52.62917000
3.03176378,-65.56902000
3.03209712,-74.81612000
3.03243047,-73.33597000
3.03276381,-64.47034000
3.03309715,-75.86901000
3.03343050,-72.74086000
3.03376384,-56.41346000
3.03409719,-43.42784000
3.03443053,-41.76458000
3.03476387,-36.82058000
3.03509722,-11.03244000
3.03543056,10.94088000
3.03576391,9.09451500
3.03609725,16.93777000
3.03643060,38.27021000
3.03676394,30.82369000
3.03709728,28.83999000
3.03743063,48.03613000
3.03776397,49.04324000
3.03809732,44.66384000
3.03843066,40.86428000
3.03876400,39.09421000
3.03909735,44.12976000
3.03943069,28.18384000
3.03976404,14.03851000
3.04009738,-5.81377600
3.04043072,-24.85732000
3.04076407,-43.73302000
3.04109741,-60.60975000
3.04143076,-64.04308000
3.04176410,-72.61878000
3.04209744,-55.94042000
3.04243079,-74.92294000
3.04276413,-85.10086000
3.04309748,-78.20367000
3.04343082,-89.64812000
3.04376416,-85.78752000
3.04409751,-62.12042000
3.04443085,-55.75731000
3.04476420,-54.76546000
3.04509754,-37.30888000
3.04543088,-2.30414700
3.04576423,17.62444000
3.04609757,36.14917000
3.04643092,47.63939000
3.04676426,48.06665000
3.04709760,43.76354000
3.04743095,45.04532000
3.04776429,38.85006000
3.04809764,46.43391000
3.04843098,30.79317000
3.04876432,51.62206000
3.04909767,44.02295000
3.04943101,24.14014000
3.04976436,15.56444000
3.05009770,0.24414810
3.05043104,-15.15244000
3.05076439,-41.50517000
3.05109773,-42.25287000
3.05143108,-55.17746000
3.05176442,-58.00042000
3.05209776,-63.76842000
3.05243111,-63.18857000
3.05276445,-66.78976000
3.05309780,-54.81124000
3.05343114,-70.48250000
3.05376448,-63.38694000
3.05409783,-43.54991000
3.05443117,-26.26118000
3.05476452,-9.87273800
3.05509786,-3.29599900
3.05543120,-7.09555300
3.05576455,-1.20548100
3.05609789,25.95599000
3.05643124,42.54280000
3.05676458,47.36472000
3.05709792,44.90799000
3.05743127,38.14813000
3.05776461,47.47154000
3.05809796,48.29554000
3.05843130,36.05762000
3.05876464,51.17953000
3.05909799,40.22340000
3.05943133,31.18991000
3.05976468,8.43836700
3.06009802,-1.54118500
3.06043136,-20.14222000
3.06076471,-36.57643000
3.06109805,-46.43391000
3.06143140,-48.75331000
3.06176474,-50.79805000
3.06209808,-64.74501000
3.06243143,-78.17316000
3.06276477,-76.95242000
3.06309812,-71.85583000
3.06343146,-65.47746000
3.06376480,-80.15686000
3.06409815,-76.58620000
3.06443149,-69.65849000
3.06476484,-51.94250000
3.06509818,-29.11466000
3.06543152,-5.46281300
3.06576487,-0.77822200
3.06609821,18.02118000
3.06643156,33.41777000
3.06676490,43.91613000
3.06709824,43.61095000
3.06743159,43.30576000
3.06776493,53.19376000
3.06809828,43.30576000
3.06843162,56.84072000
3.06876496,46.96798000
3.06909831,39.56725000
3.06943165,24.03333000
3.06976500,17.19718000
3.07009834,-4.95925800
3.07043168,-9.61333000
3.07076503,-20.52369000
3.07109837,-39.76562000
3.07143172,-48.63124000
3.07176506,-56.82546000
3.07209840,-53.31583000
3.07243175,-68.49879000
3.07276509,-62.12042000
3.07309844,-64.66872000
3.07343178,-56.74916000
3.07376512,-62.30353000
3.07409847,-56.36768000
3.07443181,-29.72503000
3.07476516,-16.98355000
3.07509850,-17.53288000
3.07543184,-0.18311100
3.07576519,12.22266000
3.07609853,36.66798000
3.07643188,53.78887000
3.07676522,56.87124000
3.07709856,55.65050000
3.07743191,43.03109000
3.07776525,51.16428000
3.07809860,45.70147000
3.07843194,56.79494000
3.07876528,42.54280000
3.07909863,29.26725000
3.07943197,16.03748000
3.07976532,8.13318200
3.08009866,-11.07822000
3.08043200,-24.15540000
3.08076535,-30.79317000
3.08109869,-40.34547000
3.08143204,-52.29346000
3.08176538,-60.77761000
3.08209872,-68.68190000
3.08243207,-73.67168000
3.08276541,-69.78057000
3.08309876,-79.25657000
3.08343210,-68.01050000
3.08376544,-81.22501000
3.08409879,-80.14160000
3.08443213,-69.30753000
3.08476548,-59.83154000
3.08509882,-46.15924000
3.08543216,-21.68340000
3.08576551,-8.17896000
3.08609885,14.77096000
3.08643220,24.21644000
3.08676554,36.91213000
3.08709888,41.70354000
3.08743223,47.97509000
3.08776557,52.06457000
3.08809892,53.07169000
3.08843226,54.33820000
3.08876560,45.68621000
3.08909895,38.17865000
3.08943229,27.89392000
3.08976564,26.52058000
3.09009898,-5.49333100
3.09043232,-20.47792000
3.09076567,-40.81850000
3.09109901,-44.22132000
3.09143236,-52.52235000
3.09176570,-65.24857000
3.09209904,-69.59746000
3.09243239,-60.48768000
3.09276573,-64.11938000
3.09309908,-61.15909000
3.09343242,-61.78472000
3.09376576,-59.22116000
3.09409911,-59.87731000
3.09443245,-49.72991000
3.09476580,-34.16547000
3.09509914,-23.49925000
3.09543248,9.68962700
3.09576583,18.05170000
3.09609917,30.32014000
3.09643252,43.97717000
3.09676586,43.90088000
3.09709920,37.79717000
3.09743255,46.25080000
3.09776589,58.41242000
3.09809924,49.04324000
3.09843258,50.00458000
3.09876593,48.61598000
3.09909927,48.21924000
3.09943261,27.66503000
3.09976596,15.21348000
3.10009930,3.89111000
3.10043265,-12.08533000
3.10076599,-27.43614000
3.10109933,-40.68117000
3.10143268,-43.10739000
3.10176602,-51.14902000
3.10209937,-64.34827000
3.10243271,-71.64220000
3.10276605,-79.88219000
3.10309940,-75.53330000
3.10343274,-68.30042000
3.10376609,-79.95850000
3.10409943,-61.22013000
3.10443277,-41.94769000
3.10476612,-43.48887000
3.10509946,-19.48607000
3.10543281,1.75481400
3.10576615,6.37836800
3.10609949,19.11984000
3.10643284,33.52458000
3.10676618,56.71865000
3.10709953,58.21405000
3.10743287,54.73494000
3.10776621,49.89776000
3.10809956,52.20191000
3.10843290,57.32902000
3.10876625,53.40739000
3.10909959,42.80221000
3.10943293,29.40458000
3.10976628,11.88696000
3.11009962,-0.91555520
3.11043297,-7.38547900
3.11076631,-27.39036000
3.11109965,-40.92532000
3.11143300,-53.60576000
3.11176634,-66.30146000
3.11209969,-61.38798000
3.11243303,-52.47657000
3.11276637,-54.75020000
3.11309972,-66.94234000
3.11343306,-56.71865000
3.11376641,-44.23658000
3.11409975,-53.31583000
3.11443309,-45.80828000
3.11476644,-48.47865000
3.11509978,-31.69347000
3.11543313,-6.69881200
3.11576647,9.85747800
3.11609981,28.67214000
3.11643316,33.87555000
3.11676650,30.88473000
3.11709985,31.26621000
3.11743319,49.72991000
3.11776653,51.97302000
3.11809988,42.11554000
3.11843322,42.43599000
3.11876657,46.73909000
3.11909991,50.44709000
3.11943325,40.04028000
3.11976660,27.63451000
3.12009994,-3.49436900
3.12043329,-12.63466000
3.12076663,-28.96206000
3.12109997,-44.03821000
3.12143332,-45.70147000
3.12176666,-49.66887000
3.12210001,-67.32383000
3.12243335,-74.61775000
3.12276669,-76.95242000
3.12310004,-82.62885000
3.12343338,-74.19049000
3.12376673,-81.34708000
3.12410007,-70.19257000
3.12443341,-52.47657000
3.12476676,-40.81850000
3.12510010,-28.80947000
3.12543345,-12.83303000
3.12576679,0.13733330
3.12610013,15.82385000
3.12643348,28.06177000
3.12676682,35.46251000
3.12710017,50.24873000
3.12743351,53.37687000
3.12776685,42.45124000
3.12810020,64.25671000
3.12843354,49.98932000
3.12876689,47.09006000
3.12910023,38.72799000
3.12943357,32.16651000
3.12976692,19.91333000
3.13010026,13.41288000
3.13043361,-1.37333300
3.13076695,-17.56340000
3.13110029,-37.36991000
3.13143364,-47.37998000
3.13176698,-54.17035000
3.13210033,-66.19464000
3.13243367,-60.77761000
3.13276701,-63.63109000
3.13310036,-46.31183000
3.13343370,-58.42768000
3.13376705,-49.95880000
3.13410039,-37.69036000
3.13443373,-23.72814000
3.13476708,-17.94488000
3.13510042,-3.90636900
3.13543377,-1.05288900
3.13576711,9.75066400
3.13610045,22.87362000
3.13643380,31.41880000
3.13676714,64.07360000
3.13710049,67.50694000
3.13743383,54.47554000
3.13776717,36.28650000
3.13810052,52.78176000
3.13843386,51.63731000
3.13876721,47.05954000
3.13910055,39.94873000
3.13943389,33.89080000
3.13976724,17.39555000
3.14010058,5.38651700
3.14043393,-18.05170000
3.14076727,-32.77687000
3.14110061,-44.90799000
3.14143396,-56.65761000
3.14176730,-65.40116000
3.14210065,-71.18443000
3.14243399,-51.45420000
3.14276733,-80.85879000
3.14310068,-72.26782000
3.14343402,-75.04501000
3.14376737,-67.55272000
3.14410071,-62.65450000
3.14443405,-67.93420000
3.14476740,-64.62294000
3.14510074,-40.07080000
3.14543409,-17.16666000
3.14576743,14.25214000
3.14610077,27.86340000
3.14643412,36.45436000
3.14676746,27.02414000
3.14710081,34.83688000
3.14743415,51.63731000
3.14776749,68.89553000
3.14810084,47.74620000
3.14843418,62.74605000
3.14876753,55.07065000
3.14910087,47.77672000
3.14943421,40.86428000
3.14976756,23.13303000
3.15010090,10.97140000
3.15043425,-7.47703500
3.15076759,-17.12088000
3.15110093,-30.30488000
3.15143428,-41.56620000
3.15176762,-55.54368000
3.15210097,-57.93939000
3.15243431,-67.53746000
3.15276765,-51.88146000
3.15310100,-66.14886000
3.15343434,-53.37687000
3.15376769,-49.94354000
3.15410103,-57.05435000
3.15443437,-37.27835000
3.15476772,-35.63036000
3.15510106,-23.57555000
3.15543441,-8.88088600
3.15576775,-1.81585100
3.15610109,13.97748000
3.15643444,37.14102000
3.15676778,38.65169000
3.15710113,43.48887000
3.15743447,57.69524000
3.15776781,54.15509000
3.15810116,48.46339000
3.15843450,52.49183000
3.15876785,55.33005000
3.15910119,40.17762000
3.15943454,25.89495000
3.15976788,9.23184800
3.16010122,-5.81377600
3.16043457,-3.96740600
3.16076791,-25.20829000
3.16110126,-32.83791000
3.16143460,-47.05954000
3.16176794,-65.35538000
3.16210129,-71.07761000
3.16243463,-69.84161000
3.16276798,-63.28012000
3.16310132,-84.27686000
3.16343466,-67.43064000
3.16376801,-68.62086000
3.16410135,-72.93923000
3.16443470,-67.53746000
3.16476804,-67.96471000
3.16510138,-44.48072000
3.16543473,-27.10044000
3.16576807,2.82296200
3.16610142,26.96310000
3.16643476,43.61095000
3.16676810,44.84695000
3.16710145,43.97717000
3.16743479,44.95376000
3.16776814,60.76235000
3.16810148,39.67406000
3.16843482,61.38798000
3.16876817,49.50102000
3.16910151,37.99554000
3.16943486,37.35465000
3.16976820,30.38117000
3.17010154,5.70696100
3.17043489,-6.40888600
3.17076823,-25.17777000
3.17110158,-31.03732000
3.17143492,-44.99954000
3.17176826,-57.31376000
3.17210161,-58.00042000
3.17243495,-51.97302000
3.17276830,-61.05227000
3.17310164,-55.84887000
3.17343498,-63.18857000
3.17376833,-52.82754000
3.17410167,-54.65865000
3.17443502,-45.65569000
3.17476836,-36.40858000
3.17510170,-24.88784000
3.17543505,-2.13629600
3.17576839,26.96310000
3.17610174,27.83288000
3.17643508,40.11658000
3.17676842,50.88961000
3.17710177,53.72783000
3.17743511,52.38502000
3.17776846,58.87020000
3.17810180,57.28324000
3.17843514,42.72591000
3.17876849,40.69643000
3.17910183,43.67199000
3.17943518,43.09213000
3.17976852,27.10044000
3.18010186,4.98977600
3.18043521,1.26651800
3.18076855,-15.62548000
3.18110190,-35.29465000
3.18143524,-47.18161000
3.18176858,-49.86724000
3.18210193,-54.73494000
3.18243527,-60.68605000
3.18276862,-71.85583000
3.18310196,-62.36457000
3.18343530,-80.91982000
3.18376865,-67.62901000
3.18410199,-51.34739000
3.18443534,-52.70546000
3.18476868,-51.24057000
3.18510202,-40.95584000
3.18543537,-21.02725000
3.18576871,9.32340400
3.18610206,33.12784000
3.18643540,43.29050000
3.18676874,52.26294000
3.18710209,46.43391000
3.18743543,43.99243000
3.18776878,49.69939000
3.18810212,49.28739000
3.18843546,60.21301000
3.18876881,47.31895000
3.18910215,50.99643000
3.18943550,49.05850000
3.18976884,38.14813000
3.19010218,21.77496000
3.19043553,3.41807300
3.19076887,-17.56340000
3.19110222,-32.71584000
3.19143556,-49.54680000
3.19176890,-43.68724000
3.19210225,-47.25791000
3.19243559,-60.79287000
3.19276894,-58.80917000
3.19310228,-54.76546000
3.19343562,-52.27820000
3.19376897,-39.33836000
3.19410231,-51.60680000
3.19443566,-48.23450000
3.19476900,-32.09021000
3.19510234,-22.94992000
3.19543569,-16.38844000
3.19576903,7.38547900
3.19610238,20.75258000
3.19643572,29.74029000
3.19676906,44.99954000
3.19710241,36.46962000
3.19743575,50.30976000
3.19776910,57.03909000
3.19810244,33.79925000
3.19843578,54.82650000
3.19876913,54.56709000
3.19910247,45.64043000
3.19943582,36.97317000
3.19976916,17.82281000
3.20010250,-4.27259100
3.20043585,-10.78829000
3.20076919,-22.04962000
3.20110254,-42.58858000
3.20143588,-50.41658000
3.20176922,-55.66576000
3.20210257,-62.66976000
3.20243591,-68.48353000
3.20276926,-68.52931000
3.20310260,-70.25361000
3.20343594,-78.29523000
3.20376929,-82.90353000
3.20410263,-60.41138000
3.20443598,-57.92413000
3.20476932,-67.14072000
3.20510266,-48.14294000
3.20543601,-17.27348000
3.20576935,2.67036900
3.20610270,15.57970000
3.20643604,28.18384000
3.20676938,31.63243000
3.20710273,45.04532000
3.20743607,58.32087000
3.20776942,49.40947000
3.20810276,55.72679000
3.20843610,46.84591000
3.20876945,59.69420000
3.20910279,61.99835000
3.20943614,36.42384000
3.20976948,30.62532000
3.21010282,13.88592000
3.21043617,10.71200000
3.21076951,-12.87881000
3.21110286,-16.96829000
3.21143620,-33.93658000
3.21176954,-45.30473000
3.21210289,-54.39924000
3.21243623,-55.95568000
3.21276958,-66.14886000
3.21310292,-58.25983000
3.21343626,-49.54680000
3.21376961,-63.40220000
3.21410295,-52.33924000
3.21443630,-29.87762000
3.21476964,-24.06384000
3.21510298,-14.16059000
3.21543633,3.28074000
3.21576967,12.58888000
3.21610302,35.30991000
3.21643636,41.91717000
3.21676970,44.11450000
3.21710305,35.76769000
3.21743639,40.89480000
3.21776974,50.47761000
3.21810308,51.85094000
3.21843642,53.27005000
3.21876977,54.55183000
3.21910311,45.28947000
3.21943646,37.99554000
3.21976980,22.49214000
3.22010314,14.52681000
3.22043649,-1.44962900
3.22076983,-23.37718000
3.22110318,-29.99969000
3.22143652,-46.76961000
3.22176987,-62.73079000
3.22210321,-49.60783000
3.22243655,-57.43583000
3.22276990,-77.62383000
3.22310324,-78.78353000
3.22343659,-64.68398000
3.22376993,-67.12546000
3.22410327,-66.62190000
3.22443662,-47.77672000
3.22476996,-45.74724000
3.22510331,-29.38932000
3.22543665,-14.66414000
3.22576999,-4.86770200
3.22610334,18.90622000
3.22643668,34.79110000
3.22677003,39.18576000
3.22710337,41.44413000
3.22743671,66.98812000
3.22777006,58.93124000
3.22810340,48.53969000
3.22843675,59.78576000
3.22877009,58.68709000
3.22910343,61.03701000
3.22943678,40.60488000
3.22977012,31.63243000
3.23010347,21.63762000
3.23043681,10.05585000
3.23077015,-12.03955000
3.23110350,-21.21036000
3.23143684,-28.24488000
3.23177019,-40.58961000
3.23210353,-55.42161000
3.23243687,-49.16532000
3.23277022,-53.25480000
3.23310356,-55.36057000
3.23343691,-52.98013000
3.23377025,-57.54264000
3.23410359,-43.54991000
3.23443694,-48.18872000
3.23477028,-50.12665000
3.23510363,-33.70769000
3.23543697,-5.85955300
3.23577031,0.22888880
3.23610366,11.85644000
3.23643700,30.10651000
3.23677035,49.68413000
3.23710369,57.71050000
3.23743703,41.09317000
3.23777038,48.69228000
3.23810372,47.22739000
3.23843707,55.95568000
3.23877041,44.25183000
3.23910375,50.08087000
3.23943710,43.25998000
3.23977044,24.47584000
3.24010379,14.06903000
3.24043713,-4.36414700
3.24077047,-19.44029000
3.24110382,-34.69954000
3.24143716,-39.71984000
3.24177051,-44.89273000
3.24210385,-59.69420000
3.24243719,-64.27197000
3.24277054,-73.50382000
3.24310388,-71.77953000
3.24343723,-64.25671000
3.24377057,-76.72353000
3.24410391,-57.11539000
3.24443726,-47.70043000
3.24477060,-57.45109000
3.24510395,-49.05850000
3.24543729,-27.72606000
3.24577063,-7.08029400
3.24610398,13.33659000
3.24643732,25.83392000
3.24677067,36.62221000
3.24710401,48.09717000
3.24743735,49.04324000
3.24777070,51.60680000
3.24810404,61.31168000
3.24843739,54.17035000
3.24877073,49.80621000
3.24910407,44.54176000
3.24943742,47.91405000
3.24977076,44.26710000
3.25010411,14.52681000
3.25043745,-0.22888880
3.25077079,-14.48103000
3.25110414,-28.91629000
3.25143748,-29.60295000
3.25177083,-33.12784000
3.25210417,-41.44413000
3.25243751,-57.55791000
3.25277086,-55.37583000
3.25310420,-52.49183000
3.25343755,-56.13879000
3.25377089,-59.87731000
3.25410423,-56.65761000
3.25443758,-35.78295000
3.25477092,-22.00384000
3.25510427,-17.63970000
3.25543761,-12.83303000
3.25577095,-1.31229600
3.25610430,24.81155000
3.25643764,37.76665000
3.25677099,39.91821000
3.25710433,63.72264000
3.25743767,57.34428000
3.25777102,35.53880000
3.25810436,55.48264000
3.25843771,51.91198000
3.25877105,45.54887000
3.25910439,52.56813000
3.25943774,51.48472000
3.25977108,38.46858000
3.26010443,15.54918000
3.26043777,-3.32651700
3.26077111,-19.57762000
3.26110446,-37.09525000
3.26143780,-47.73095000
3.26177115,-55.46738000
3.26210449,-62.70028000
3.26243783,-61.22013000
3.26277118,-74.84664000
3.26310452,-65.70634000
3.26343787,-69.26176000
3.26377121,-79.25657000
3.26410455,-84.49049000
3.26443790,-62.12042000
3.26477124,-53.39213000
3.26510459,-36.46962000
3.26543793,-19.69970000
3.26577127,6.56147900
3.26610462,31.18991000
3.26643796,29.45036000
3.26677131,33.35673000
3.26710465,29.75555000
3.26743799,56.65761000
3.26777134,57.43583000
3.26810468,45.85406000
3.26843803,52.65968000
3.26877137,60.47242000
3.26910471,52.26294000
3.26943806,45.80828000
3.26977140,34.62325000
3.27010475,21.04251000
3.27043809,7.30918300
3.27077143,-5.69170200
3.27110478,-17.89911000
3.27143812,-27.97021000
3.27177147,-41.15421000
3.27210481,-48.61598000
3.27243815,-49.05850000
3.27277150,-53.60576000
3.27310484,-55.81835000
3.27343819,-46.98324000
3.27377153,-52.70546000
3.27410487,-41.42887000
3.27443822,-39.85717000
3.27477156,-39.06369000
3.27510491,-30.39643000
3.27543825,-2.68562900
3.27577159,2.07525800
3.27610494,7.03451600
3.27643828,18.14325000
3.27677163,32.76162000
3.27710497,42.13080000
3.27743831,57.71050000
3.27777166,55.54368000
3.27810500,56.76442000
3.27843835,54.26191000
3.27877169,62.34931000
3.27910503,52.04931000
3.27943838,40.98635000
3.27977172,32.47169000
3.28010507,23.63658000
3.28043841,7.70592300
3.28077175,-9.04873700
3.28110510,-17.56340000
3.28143844,-33.57036000
3.28177179,-41.91717000
3.28210513,-57.63420000
3.28243848,-52.47657000
3.28277182,-64.13464000
3.28310516,-73.61064000
3.28343851,-71.04709000
3.28377185,-69.65849000
3.28410520,-60.73183000
3.28443854,-58.54976000
3.28477188,-73.01553000
3.28510523,-55.04013000
3.28543857,-43.64147000
3.28577192,-20.00488000
3.28610526,6.19525700
3.28643860,17.13614000
3.28677195,34.01288000
3.28710529,45.80828000
3.28743864,40.66591000
3.28777198,42.87850000
3.28810532,55.80309000
3.28843867,47.02902000
3.28877201,52.72072000
3.28910536,64.50086000
3.28943870,49.91302000
3.28977204,44.66384000
3.29010539,35.06577000
3.29043873,19.50133000
3.29077208,-2.91451700
3.29110542,-18.52473000
3.29143876,-29.29777000
3.29177211,-49.65361000
3.29210545,-50.66072000
3.29243880,-47.24265000
3.29277214,-51.11850000
3.29310548,-56.93227000
3.29343883,-51.04220000
3.29377217,-57.20694000
3.29410552,-38.83480000
3.29443886,-47.37998000
3.29477220,-48.64650000
3.29510555,-34.82162000
3.29543889,-16.55629000
3.29577224,6.92770100
3.29610558,15.53392000
3.29643892,15.94592000
3.29677227,33.58562000
3.29710561,45.60991000
3.29743896,59.51109000
3.29777230,47.27317000
3.29810564,52.07983000
3.29843899,48.82961000
3.29877233,66.78976000
3.29910568,53.19376000
3.29943902,42.22235000
3.29977236,39.76562000
3.30010571,16.23585000
3.30043905,0.73244420
3.30077240,-9.30814500
3.30110574,-24.41481000
3.30143908,-35.21836000
3.30177243,-47.56310000
3.30210577,-52.32398000
3.30243912,-56.42872000
3.30277246,-62.66976000
3.30310580,-84.21582000
3.30343915,-67.40012000
3.30377249,-86.38264000
3.30410584,-61.78472000
3.30443918,-49.74517000
3.30477252,-46.25080000
3.30510587,-43.62621000
3.30543921,-31.17466000
3.30577256,-21.48503000
3.30610590,6.13422000
3.30643924,14.03851000
3.30677259,32.56325000
3.30710593,31.38828000
3.30743928,56.90176000
3.30777262,63.17331000
3.30810596,44.55702000
3.30843931,64.39405000
3.30877265,52.26294000
3.30910600,50.40132000
3.30943934,44.55702000
3.30977268,32.99051000
3.31010603,20.27955000
3.31043937,8.02636700
3.31077272,-10.60518000
3.31110606,-18.20429000
3.31143940,-20.26429000
3.31177275,-38.39228000
3.31210609,-58.70235000
3.31243944,-59.81628000
3.31277278,-62.88339000
3.31310612,-62.88339000
3.31343947,-42.45124000
3.31377281,-55.83361000
3.31410616,-52.96487000
3.31443950,-44.61806000
3.31477284,-26.77999000
3.31510619,-13.38237000
3.31543953,1.73955500
3.31577288,4.45570200
3.31610622,20.29481000
3.31643956,34.27229000
3.31677291,53.98724000
3.31710625,42.89376000
3.31743960,39.26206000
3.31777294,50.03510000
3.31810628,46.54072000
3.31843963,58.35139000
3.31877297,48.32606000
3.31910632,56.45924000
3.31943966,47.54784000
3.31977300,39.94873000
3.32010635,23.40770000
3.32043969,7.43125700
3.32077304,-6.34784900
3.32110638,-22.11066000
3.32143972,-35.61510000
3.32177307,-53.57524000
3.32210641,-56.35242000
3.32243976,-64.13464000
3.32277310,-59.41954000
3.32310644,-67.58324000
3.32343979,-79.18027000
3.32377313,-64.76027000
3.32410648,-69.17020000
3.32443982,-67.32383000
3.32477316,-51.25583000
3.32510651,-43.42784000
3.32543985,-21.05777000
3.32577320,8.91140500
3.32610654,8.60621900
3.32643988,19.18088000
3.32677323,43.90088000
3.32710657,58.24457000
3.32743992,59.16013000
3.32777326,44.93850000
3.32810660,56.70338000
3.32843995,48.73806000
3.32877329,54.29243000
3.32910664,62.13568000
3.32943998,42.97006000
3.32977332,30.64058000
3.33010667,19.08933000
3.33044001,-2.28888800
3.33077336,-4.08948000
3.33110670,-8.81984900
3.33144004,-32.34962000
3.33177339,-39.52147000
3.33210673,-38.98739000
3.33244008,-46.87643000
3.33277342,-65.12650000
3.33310676,-60.79287000
3.33344011,-45.91509000
3.33377345,-44.58754000
3.33410680,-48.41761000
3.33444014,-35.23362000
3.33477348,-24.97940000
3.33510683,-21.98858000
3.33544017,3.32651700
3.33577352,15.22873000
3.33610686,20.35585000
3.33644020,40.11658000
3.33677355,51.92724000
3.33710689,55.45213000
3.33744024,50.96591000
3.33777358,49.88250000
3.33810692,63.90576000
3.33844027,47.97509000
3.33877361,65.90472000
3.33910696,50.73702000
3.33944030,46.84591000
3.33977364,44.31287000
3.34010699,8.11792300
3.34044033,2.57881400
3.34077368,-19.97436000
3.34110702,-26.88680000
3.34144036,-38.86532000
3.34177371,-45.67095000
3.34210705,-50.29450000
3.34244040,-61.81524000
3.34277374,-65.61479000
3.34310709,-63.78368000
3.34344043,-72.19153000
3.34377377,-61.58635000
3.34410712,-80.73672000
3.34444046,-66.89657000
3.34477381,-61.46428000
3.34510715,-48.64650000
3.34544049,-34.24176000
3.34577384,2.53303600
3.34610718,15.22873000
3.34644053,20.79836000
3.34677387,45.07584000
3.34710721,48.00561000
3.34744056,49.72991000
3.34777390,41.58147000
3.34810725,55.07065000
3.34844059,63.12754000
3.34877393,52.24768000
3.34910728,50.93539000
3.34944062,53.23954000
3.34977397,52.99539000
3.35010731,37.56828000
3.35044065,18.38740000
3.35077400,-5.00503500
3.35110734,-6.98873800
3.35144069,-27.72606000
3.35177403,-42.23761000
3.35210737,-60.02991000
3.35244072,-50.66072000
3.35277406,-58.74813000
3.35310741,-56.64235000
3.35344075,-50.90487000
3.35377409,-54.59761000
3.35410744,-40.02502000
3.35444078,-44.06873000
3.35477413,-46.11346000
3.35510747,-35.44725000
3.35544081,-25.51347000
3.35577416,0.00000000
3.35610750,20.32533000
3.35644085,31.76977000
3.35677419,42.86324000
3.35710753,40.16236000
3.35744088,37.43095000
3.35777422,48.81435000
3.35810757,49.88250000
3.35844091,56.19983000
3.35877425,52.35450000
3.35910760,58.82442000
3.35944094,41.59673000
3.35977429,31.47984000
3.36010763,27.81762000
3.36044097,11.73437000
3.36077432,-15.82385000
3.36110766,-20.93570000
3.36144101,-34.05865000
3.36177435,-48.72280000
3.36210769,-54.49080000
3.36244104,-58.00042000
3.36277438,-78.21893000
3.36310773,-63.89050000
3.36344107,-68.19360000
3.36377441,-67.11020000
3.36410776,-71.76427000
3.36444110,-57.31376000
3.36477445,-52.53761000
3.36510779,-40.42176000
3.36544113,-32.16651000
3.36577448,-16.98355000
3.36610782,15.94592000
3.36644117,32.60902000
3.36677451,36.79006000
3.36710785,51.69835000
3.36744120,55.63524000
3.36777454,49.50102000
3.36810789,57.75628000
3.36844123,59.95361000
3.36877457,56.64235000
3.36910792,52.64442000
3.36944126,58.93124000
3.36977461,44.80117000
3.37010795,34.11969000
3.37044129,21.39347000
3.37077464,5.60014600
3.37110798,-11.30711000
3.37144133,-20.69155000
3.37177467,-35.58458000
3.37210801,-44.31287000
3.37244136,-54.04828000
3.37277470,-57.10013000
3.37310805,-71.47435000
3.37344139,-42.40546000
3.37377473,-70.58931000
3.37410808,-47.66991000
3.37444142,-45.28947000
3.37477477,-46.93746000
3.37510811,-29.86236000
3.37544145,-20.31007000
3.37577480,9.06399600
3.37610814,23.04147000
3.37644149,38.37702000
3.37677483,37.07999000
3.37710817,48.15820000
3.37744152,51.42368000
3.37777486,48.41761000
3.37810821,52.47657000
3.37844155,54.03302000
3.37877489,53.59050000
3.37910824,57.52739000
3.37944158,47.82250000
3.37977493,51.71361000
3.38010827,32.25806000
3.38044161,12.93985000
3.38077496,2.54829500
3.38110830,-12.26844000
3.38144165,-34.31806000
3.38177499,-50.85909000
3.38210833,-54.00250000
3.38244168,-56.06250000
3.38277502,-50.11139000
3.38310837,-76.87612000
3.38344171,-69.01761000
3.38377505,-79.30235000
3.38410840,-57.72576000
3.38444174,-64.08886000
3.38477509,-63.15805000
3.38510843,-60.47242000
3.38544177,-43.80932000
3.38577512,-15.47288000
3.38610846,8.16370100
3.38644181,19.28770000
3.38677515,37.94976000
3.38710849,41.44413000
3.38744184,32.27332000
3.38777518,47.22739000
3.38810853,65.99627000
3.38844187,48.96695000
3.38877521,55.81835000
3.38910856,48.14294000
3.38944190,42.54280000
3.38977525,46.72383000
3.39010859,26.73421000
3.39044193,8.43836700
3.39077528,-12.23792000
3.39110862,-16.28162000
3.39144197,-28.38221000
3.39177531,-40.71169000
3.39210865,-48.81435000
3.39244200,-56.29139000
3.39277534,-51.34739000
3.39310869,-43.53465000
3.39344203,-61.44901000
3.39377537,-46.80013000
3.39410872,-50.01984000
3.39444206,-48.63124000
3.39477541,-34.76058000
3.39510875,-23.78918000
3.39544209,-7.98059000
3.39577544,-10.52888000
3.39610878,6.68355300
3.39644213,28.47377000
3.39677547,38.05658000
3.39710881,37.84295000
3.39744216,53.77361000
3.39777550,56.32190000
3.39810885,40.23866000
3.39844219,61.76946000
3.39877553,50.30976000
3.39910888,73.10708000
3.39944222,44.70961000
3.39977557,39.94873000
3.40010891,30.36592000
3.40044225,16.49525000
3.40077560,-2.80770300
3.40110894,-14.67940000
3.40144229,-31.28147000
3.40177563,-42.00872000
3.40210897,-56.58131000
3.40244232,-56.47450000
3.40277566,-59.37376000
3.40310901,-66.05731000
3.40344235,-71.67272000
3.40377569,-79.39390000
3.40410904,-78.85983000
3.40444238,-62.56294000
3.40477573,-37.30888000
3.40510907,-35.32517000
3.40544242,-27.60399000
3.40577576,-10.87985000
3.40610910,14.14533000
3.40644245,25.74236000
3.40677579,39.82665000
3.40710914,56.24561000
3.40744248,59.06857000
3.40777582,51.66783000
3.40810917,46.08295000
3.40844251,58.41242000
3.40877586,57.60368000
3.40910920,53.39213000
3.40944254,58.47346000
3.40977589,47.60887000
3.41010923,36.62221000
3.41044258,24.23170000
3.41077592,13.18400000
3.41110926,-7.46177500
3.41144261,-15.50340000
3.41177595,-28.53481000
3.41210930,-37.46147000
3.41244264,-50.05035000
3.41277598,-53.17850000
3.41310933,-74.02264000
3.41344267,-44.09924000
3.41377602,-62.24250000
3.41410936,-41.84087000
3.41444270,-40.62014000
3.41477605,-36.72902000
3.41510939,-31.64769000
3.41544274,-23.10251000
3.41577608,-5.20340500
3.41610942,21.80547000
3.41644277,28.50429000
3.41677611,48.34132000
3.41710946,61.90679000
3.41744280,63.15805000
3.41777614,54.59761000
3.41810949,60.54872000
3.41844283,55.11643000
3.41877618,64.22620000
3.41910952,48.02087000
3.41944286,64.13464000
3.41977621,59.87731000
3.42010955,32.19703000
3.42044290,14.16059000
3.42077624,6.75985000
3.42110958,-11.61229000
3.42144293,-20.78310000
3.42177627,-33.61613000
3.42210962,-48.73806000
3.42244296,-47.94458000
3.42277630,-62.36457000
3.42310965,-63.44798000
3.42344299,-62.01361000
3.42377634,-68.11731000
3.42410968,-58.25983000
3.42444302,-48.53969000
3.42477637,-49.92828000
3.42510971,-58.44294000
3.42544306,-30.33540000
3.42577640,-9.46073700
3.42610974,16.72414000
3.42644309,33.99762000
3.42677643,41.18472000
3.42710978,47.82250000
3.42744312,54.58235000
3.42777646,49.19584000
3.42810981,60.51820000
3.42844315,66.40827000
3.42877650,58.00042000
3.42910984,64.16516000
3.42944318,60.06042000
3.42977653,44.90799000
3.43010987,35.20310000
3.43044322,26.27643000
3.43077656,3.92162800
3.43110990,-2.65511000
3.43144325,-16.41896000
3.43177659,-22.18696000
3.43210994,-46.60176000
3.43244328,-55.48264000
3.43277662,-59.73998000
3.43310997,-54.26191000
3.43344331,-47.13583000
3.43377666,-46.67805000
3.43411000,-58.29035000
3.43444334,-53.05643000
3.43477669,-38.14813000
3.43511003,-26.90207000
3.43544338,-11.59703000
3.43577672,18.90622000
3.43611006,24.32325000
3.43644341,23.95703000
3.43677675,35.66088000
3.43711010,57.92413000
3.43744344,60.65553000
3.43777678,71.36753000
3.43811013,49.56206000
3.43844347,64.16516000
3.43877682,57.08487000
3.43911016,64.24146000
3.43944350,47.56310000
3.43977685,45.13688000
3.44011019,33.11258000
3.44044354,28.16858000
3.44077688,10.71200000
3.44111022,-6.24103500
3.44144357,-33.03629000
3.44177691,-47.39524000
3.44211026,-56.01672000
3.44244360,-51.82042000
3.44277694,-55.23850000
3.44311029,-62.89865000
3.44344363,-74.38886000
3.44377698,-60.24353000
3.44411032,-74.52619000
3.44444366,-74.20575000
3.44477701,-63.32590000
3.44511035,-51.24057000
3.44544370,-33.40251000
3.44577704,-17.77703000
3.44611038,4.18103600
3.44644373,10.74251000
3.44677707,27.23777000
3.44711042,30.04547000
3.44744376,41.06265000
3.44777710,61.40324000
3.44811045,65.40116000
3.44844379,53.05643000
3.44877714,70.54353000
3.44911048,54.87228000
3.44944382,51.49998000
3.44977717,61.51005000
3.45011051,46.08295000
3.45044386,31.76977000
3.45077720,14.23688000
3.45111054,1.03762900
3.45144389,-19.42503000
3.45177723,-27.51244000
3.45211058,-28.67214000
3.45244392,-37.59880000
3.45277726,-51.80516000
3.45311061,-55.63524000
3.45344395,-58.09198000
3.45377730,-56.88650000
3.45411064,-39.93347000
3.45444398,-41.30680000
3.45477733,-38.37702000
3.45511067,-32.05969000
3.45544402,-25.84918000
3.45577736,-7.69066400
3.45611070,15.68651000
3.45644405,31.44932000
3.45677739,44.26710000
3.45711074,61.46428000
3.45744408,54.75020000
3.45777742,46.05243000
3.45811077,57.98516000
3.45844411,65.38590000
3.45877746,57.63420000
3.45911080,62.68502000
3.45944414,61.67790000
3.45977749,43.91613000
3.46011083,32.16651000
3.46044418,16.99881000
3.46077752,5.31022000
3.46111086,-9.70488500
3.46144421,-16.93777000
3.46177755,-33.47880000
3.46211090,-48.14294000
3.46244424,-50.61494000
3.46277758,-59.48057000
3.46311093,-66.88131000
3.46344427,-65.55375000
3.46377762,-70.63509000
3.46411096,-74.06841000
3.46444430,-68.46827000
3.46477765,-66.51508000
3.46511099,-68.75820000
3.46544434,-57.61894000
3.46577768,-33.28043000
3.46611103,-4.53199800
3.46644437,24.96414000
3.46677771,38.10236000
3.46711106,44.80117000
3.46744440,47.42576000
3.46777775,44.58754000
3.46811109,69.24650000
3.46844443,58.88546000
3.46877778,63.81420000
3.46911112,51.36265000
3.46944447,66.92709000
3.46977781,53.52946000
3.47011115,42.86324000
3.47044450,32.19703000
3.47077784,23.08725000
3.47111119,10.62044000
3.47144453,-17.22770000
3.47177787,-16.38844000
3.47211122,-30.21332000
3.47244456,-45.88457000
3.47277791,-35.35569000
3.47311125,-52.03405000
3.47344459,-53.07169000
3.47377794,-49.65361000
3.47411128,-61.31168000
3.47444463,-41.24576000
3.47477797,-32.88369000
3.47511131,-21.82073000
3.47544466,-18.93673000
3.47577800,1.46488800
3.47611135,20.59999000
3.47644469,37.82769000
3.47677803,50.24873000
3.47711138,59.83154000
3.47744472,52.84280000
3.47777807,47.47154000
3.47811141,53.75835000
3.47844475,57.29850000
3.47877810,62.66976000
3.47911144,59.58739000
3.47944479,56.79494000
3.47977813,50.81331000
3.48011147,36.50013000
3.48044482,22.78207000
3.48077816,16.57155000
3.48111151,-8.42310800
3.48144485,-20.87466000
3.48177819,-42.03924000
3.48211154,-48.82961000
3.48244488,-58.80917000
3.48277823,-51.59154000
3.48311157,-59.92309000
3.48344491,-63.73790000
3.48377826,-69.58220000
3.48411160,-62.47139000
3.48444495,-80.72146000
3.48477829,-60.79287000
3.48511163,-55.57420000
3.48544498,-40.71169000
3.48577832,-18.25007000
3.48611167,15.15244000
3.48644501,19.33348000
3.48677835,30.45747000
3.48711170,48.43287000
3.48744504,37.07999000
3.48777839,37.49199000
3.48811173,55.65050000
3.48844507,51.78991000
3.48877842,60.31983000
3.48911176,48.89065000
3.48944511,57.51213000
3.48977845,69.09390000
3.49011179,50.88961000
3.49044514,27.08518000
3.49077848,7.70592300
3.49111183,0.32044430
3.49144517,-22.00384000
3.49177851,-25.07096000
3.49211186,-35.47777000
3.49244520,-51.45420000
3.49277855,-60.79287000
3.49311189,-62.88339000
3.49344523,-55.16220000
3.49377858,-50.26398000
3.49411192,-48.35658000
3.49444527,-44.83169000
3.49477861,-27.63451000
3.49511195,-14.74044000
3.49544530,-14.98459000
3.49577864,-12.71096000
3.49611199,2.47199900
3.49644533,27.32932000
3.49677867,43.10739000
3.49711202,43.91613000
3.49744536,37.11050000
3.49777871,60.96072000
3.49811205,61.11331000
3.49844539,58.87020000
3.49877874,66.62190000
3.49911208,61.37272000
3.49944543,52.64442000
3.49977877,40.94057000
3.50011211,39.84191000
3.50044546,27.26829000
3.50077880,6.37836800
3.50111215,-1.63274000
3.50144549,-15.04562000
3.50177883,-30.01495000
3.50211218,-44.52650000
3.50244552,-49.21109000
3.50277887,-49.98932000
3.50311221,-57.23746000
3.50344555,-74.49567000
3.50377890,-75.83849000
3.50411224,-58.65657000
3.50444559,-70.05524000
3.50477893,-57.90887000
3.50511227,-43.33628000
3.50544562,-42.98532000
3.50577896,-21.69866000
3.50611231,7.24814600
3.50644565,36.16443000
3.50677899,31.76977000
3.50711234,41.82561000
3.50744568,42.42073000
3.50777903,45.13688000
3.50811237,63.78368000
3.50844571,66.97286000
3.50877906,74.09894000
3.50911240,57.84783000
3.50944575,49.85198000
3.50977909,54.15509000
3.51011243,47.73095000
3.51044578,35.58458000
3.51077912,8.62147800
3.51111247,-10.78829000
3.51144581,-13.01614000
3.51177915,-22.47688000
3.51211250,-27.98547000
3.51244584,-31.75451000
3.51277919,-37.26310000
3.51311253,-63.15805000
3.51344587,-58.53450000
3.51377922,-52.01880000
3.51411256,-53.31583000
3.51444591,-34.95895000
3.51477925,-49.51628000
3.51511259,-37.67510000
3.51544594,-27.31407000
3.51577928,-14.89303000
3.51611263,-2.05999900
3.51644597,22.59896000
3.51677931,45.07584000
3.51711266,49.68413000
3.51744600,64.65346000
3.51777935,64.91286000
3.51811269,59.02280000
3.51844603,67.18649000
3.51877938,64.66872000
3.51911272,60.65553000
3.51944607,58.21405000
3.51977941,58.73287000
3.52011275,40.60488000
3.52044610,30.42695000
3.52077944,17.24296000
3.52111279,-4.59303500
3.52144613,-11.94800000
3.52177947,-21.75970000
3.52211282,-42.31391000
3.52244616,-43.27524000
3.52277951,-59.05331000
3.52311285,-52.90383000
3.52344619,-54.99435000
3.52377954,-62.56294000
3.52411288,-69.15494000
3.52444623,-66.20990000
3.52477957,-44.08398000
3.52511291,-51.13376000
3.52544626,-47.54784000
3.52577960,-44.51125000
3.52611295,-23.13303000
3.52644629,0.32044430
3.52677963,21.28666000
3.52711298,40.37599000
3.52744632,59.80102000
3.52777967,54.53658000
3.52811301,54.62813000
3.52844636,75.67064000
3.52877970,59.90783000
3.52911304,64.07360000
3.52944639,64.05834000
3.52977973,59.57213000
3.53011308,47.63939000
3.53044642,32.99051000
3.53077976,24.21644000
3.53111311,6.92770100
3.53144645,-8.37733000
3.53177980,-18.52473000
3.53211314,-31.20517000
3.53244648,-41.99347000
3.53277983,-51.94250000
3.53311317,-40.51332000
3.53344652,-42.58858000
3.53377986,-46.51020000
3.53411320,-40.04028000
3.53444655,-39.17051000
3.53477989,-47.24265000
3.53511324,-29.25199000
3.53544658,-9.75066400
3.53577992,7.98059000
3.53611327,-3.81481300
3.53644661,17.54814000
3.53677996,43.36680000
3.53711330,57.54264000
3.53744664,66.74397000
3.53777999,51.59154000
3.53811333,62.65450000
3.53844668,65.78264000
3.53878002,66.74397000
3.53911336,54.32294000
3.53944671,67.52220000
3.53978005,60.38087000
3.54011340,49.68413000
3.54044674,35.41673000
3.54078008,27.35984000
3.54111343,8.81984900
3.54144677,-8.07214500
3.54178012,-25.23881000
3.54211346,-38.60591000
3.54244680,-46.83065000
3.54278015,-64.04308000
3.54311349,-52.58339000
3.54344684,-59.40428000
3.54378018,-60.27405000
3.54411352,-56.87124000
3.54444687,-72.38989000
3.54478021,-51.01168000
3.54511356,-56.29139000
3.54544690,-44.67910000
3.54578024,-35.24888000
3.54611359,-7.04977500
3.54644693,24.07910000
3.54678028,29.83184000
3.54711362,37.04947000
3.54744696,41.81035000
3.54778031,59.32798000
3.54811365,69.07864000
3.54844700,61.78472000
3.54878034,59.40428000
3.54911368,61.09805000
3.54944703,51.59154000
3.54978037,56.00146000
3.55011372,44.99954000
3.55044706,26.82577000
3.55078040,15.71703000
3.55111375,0.62562940
3.55144709,-15.88488000
3.55178044,-24.12488000
3.55211378,-31.35777000
3.55244712,-36.62221000
3.55278047,-34.22651000
3.55311381,-63.96679000
3.55344716,-47.73095000
3.55378050,-44.72487000
3.55411384,-47.39524000
3.55444719,-26.44429000
3.55478053,-37.98028000
3.55511388,-38.78902000
3.55544722,-26.90207000
3.55578056,-15.83911000
3.55611391,-8.59096100
3.55644725,12.32948000
3.55678060,25.54399000
3.55711394,46.46443000
3.55744728,54.78072000
3.55778063,70.63509000
3.55811397,63.78368000
3.55844732,55.83361000
3.55878066,57.83257000
3.55911400,74.63301000
3.55944735,56.16931000
3.55978069,48.21924000
3.56011404,46.49495000
3.56044738,36.40858000
3.56078072,14.06903000
3.56111407,-6.24103500
3.56144741,-24.53688000
3.56178076,-19.88281000
3.56211410,-31.43406000
3.56244744,-40.75747000
3.56278079,-52.81228000
3.56311413,-59.03806000
3.56344748,-73.91582000
3.56378082,-62.12042000
3.56411416,-65.96575000
3.56444751,-55.20798000
3.56478085,-55.20798000
3.56511420,-59.73998000
3.56544754,-43.44310000
3.56578088,-31.57140000
3.56611423,-12.69570000
3.56644757,6.50044200
3.56678092,29.38932000
3.56711426,49.85198000
3.56744760,69.73479000
3.56778095,54.79598000
3.56811429,49.80621000
3.56844764,72.31360000
3.56878098,57.11539000
3.56911432,64.85183000
3.56944767,65.24857000
3.56978101,52.12561000
3.57011436,49.80621000
3.57044770,37.29362000
3.57078104,19.97436000
3.57111439,7.75170100
3.57144773,-12.89407000
3.57178108,-22.88888000
3.57211442,-28.71791000
3.57244776,-29.29777000
3.57278111,-52.90383000
3.57311445,-58.19880000
3.57344780,-49.25687000
3.57378114,-42.16132000
3.57411448,-49.33317000
3.57444783,-33.93658000
3.57478117,-37.23258000
3.57511452,-36.82058000
3.57544786,-28.61110000
3.57578120,-14.06903000
3.57611455,-9.56755300
3.57644789,13.04666000
3.57678124,30.67110000
3.57711458,39.36887000
3.57744792,58.91598000
3.57778127,69.21598000
3.57811461,74.20575000
3.57844796,51.60680000
3.57878130,68.48353000
3.57911464,63.44798000
3.57944799,60.02991000
3.57978133,59.72472000
3.58011468,46.06768000
3.58044802,37.88873000
3.58078136,22.96518000
3.58111471,-2.94503600
3.58144805,-7.67540500
3.58178140,-23.17881000
3.58211474,-36.02710000
3.58244808,-41.07791000
3.58278143,-52.73598000
3.58311477,-48.14294000
3.58344812,-51.65257000
3.58378146,-61.31168000
3.58411480,-64.54664000
3.58444815,-57.46635000
3.58478149,-72.72560000
3.58511484,-54.00250000
3.58544818,-40.57436000
3.58578152,-15.76281000
3.58611487,-2.73140600
3.58644821,14.16059000
3.58678156,37.49199000
3.58711490,49.45524000
3.58744824,58.58028000
3.58778159,63.95153000
3.58811493,48.31080000
3.58844828,59.60265000
3.58878162,77.04398000
3.58911497,52.58339000
3.58944831,62.68502000
3.58978165,60.76235000
3.59011500,54.27717000
3.59044834,50.29450000
3.59078169,30.94577000
3.59111503,5.79851600
3.59144837,-5.87481300
3.59178172,-27.48192000
3.59211506,-35.84399000
3.59244841,-46.90694000
3.59278175,-39.75036000
3.59311509,-50.11139000
3.59344844,-47.18161000
3.59378178,-55.92516000
3.59411513,-51.77465000
3.59444847,-49.04324000
3.59478181,-35.18784000
3.59511516,-26.49006000
3.59544850,-19.01303000
3.59578185,-6.75985000
3.59611519,7.46177500
3.59644853,23.40770000
3.59678188,33.72295000
3.59711522,51.27109000
3.59744857,52.49183000
3.59778191,57.61894000
3.59811525,72.90871000
3.59844860,66.02679000
3.59878194,58.22931000
3.59911529,62.77657000
3.59944863,61.29642000
3.59978197,51.22532000
3.60011532,54.53658000
3.60044866,35.66088000
3.60078201,12.95511000
3.60111535,-0.82399970
3.60144869,-13.16874000
3.60178204,-24.87259000
3.60211538,-41.32206000
3.60244873,-46.51020000
3.60278207,-47.02902000
3.60311541,-54.17035000
3.60344876,-65.53849000
3.60378210,-54.85702000
3.60411545,-72.37463000
3.60444879,-53.37687000
3.60478213,-45.27421000
3.60511548,-55.19272000
3.60544882,-58.16827000
3.60578217,-47.89880000
3.60611551,-29.64873000
3.60644885,8.66725600
3.60678220,28.36695000
3.60711554,37.73613000
3.60744889,41.48991000
3.60778223,52.96487000
3.60811557,69.65849000
3.60844892,68.57509000
3.60878226,72.61878000
3.60911561,62.36457000
3.60944895,67.11020000
3.60978229,66.71346000
3.61011564,55.65050000
3.61044898,35.11155000
3.61078233,23.23984000
3.61111567,4.48622100
3.61144901,-7.03451600
3.61178236,-21.07303000
3.61211570,-24.01807000
3.61244905,-28.38221000
3.61278239,-42.22235000
3.61311573,-55.37583000
3.61344908,-47.16635000
3.61378242,-43.35154000
3.61411577,-52.61391000
3.61444911,-37.58354000
3.61478245,-32.12073000
3.61511580,-27.22251000
3.61544914,-22.24799000
3.61578249,-6.28681300
3.61611583,8.02636700
3.61644917,28.47377000
3.61678252,34.57747000
3.61711586,48.79910000
3.61744921,59.09909000
3.61778255,56.26087000
3.61811589,63.28012000
3.61844924,74.00738000
3.61878258,69.20071000
3.61911593,67.78161000
3.61944927,70.45198000
3.61978261,64.50086000
3.62011596,62.97494000
3.62044930,44.26710000
3.62078265,34.74532000
3.62111599,14.95407000
3.62144933,3.81481300
3.62178268,-11.21555000
3.62211602,-37.17154000
3.62244937,-41.15421000
3.62278271,-45.94561000
3.62311605,-48.46339000
3.62344940,-54.46028000
3.62378274,-72.58826000
3.62411609,-54.76546000
3.62444943,-59.61790000
3.62478277,-57.55791000
3.62511612,-35.61510000
3.62544946,-34.10443000
3.62578281,-17.70074000
3.62611615,-8.74355200
3.62644949,8.37733000
3.62678284,35.88977000
3.62711618,39.91821000
3.62744953,60.68605000
3.62778287,65.41642000
3.62811621,58.88546000
3.62844956,62.56294000
3.62878290,66.53034000
3.62911625,62.08990000
3.62944959,69.18546000
3.62978293,72.83241000
3.63011628,69.85686000
3.63044962,56.32190000
3.63078297,39.42991000
3.63111631,18.78414000
3.63144965,2.97555400
3.63178300,-13.35185000
3.63211634,-34.60799000
3.63244969,-36.16443000
3.63278303,-37.30888000
3.63311637,-40.45228000
3.63344972,-48.18872000
3.63378306,-51.57627000
3.63411641,-47.09006000
3.63444975,-51.34739000
3.63478309,-45.86932000
3.63511644,-27.02414000
3.63544978,-18.53999000
3.63578313,-8.57570100
3.63611647,10.17792000
3.63644981,36.42384000
3.63678316,35.96606000
3.63711650,50.76754000
3.63744985,63.85998000
3.63778319,66.66768000
3.63811653,60.80812000
3.63844988,61.86102000
3.63878322,77.44071000
3.63911657,63.34116000
3.63944991,66.54561000
3.63978325,66.97286000
3.64011660,61.06753000
3.64044994,53.11746000
3.64078329,30.91525000
3.64111663,10.92563000
3.64144997,3.37229500
3.64178332,-18.12799000
3.64211666,-30.21332000
3.64245001,-38.91110000
3.64278335,-35.82873000
3.64311669,-49.50102000
3.64345004,-56.62709000
3.64378338,-66.05731000
3.64411673,-48.44813000
3.64445007,-76.38783000
3.64478341,-59.31272000
3.64511676,-40.83376000
3.64545010,-32.34962000
3.64578345,-31.95288000
3.64611679,-5.11185000
3.64645013,15.44236000
3.64678348,27.80236000
3.64711682,36.68324000
3.64745017,54.42976000
3.64778351,58.96176000
3.64811685,60.18250000
3.64845020,62.71553000
3.64878354,76.81509000
3.64911689,57.14590000
3.64945023,77.19656000
3.64978358,69.64323000
3.65011692,54.67391000
3.65045026,45.45732000
3.65078361,30.10651000
3.65111695,12.71096000
3.65145030,2.82296200
3.65178364,-17.30400000
3.65211698,-19.68444000
3.65245033,-33.84502000
3.65278367,-27.84814000
3.65311702,-45.27421000
3.65345036,-54.49080000
3.65378370,-35.84399000
3.65411705,-47.97509000
3.65445039,-36.71376000
3.65478374,-40.58961000
3.65511708,-46.22028000
3.65545042,-35.79821000
3.65578377,-22.15644000
3.65611711,-0.77822200
3.65645046,16.81570000
3.65678380,22.27851000
3.65711714,31.25095000
3.65745049,36.17969000
3.65778383,51.01168000
3.65811718,63.11227000
3.65845052,58.73287000
3.65878386,52.15613000
3.65911721,67.41538000
3.65945055,66.31672000
3.65978390,61.98309000
3.66011724,68.75820000
3.66045058,47.57835000
3.66078393,22.23273000
3.66111727,9.81170100
3.66145062,-6.27155400
3.66178396,-21.05777000
3.66211730,-35.18784000
3.66245065,-33.89080000
3.66278399,-45.68621000
3.66311734,-51.39317000
3.66345068,-47.99035000
3.66378402,-61.72368000
3.66411737,-60.50294000
3.66445071,-64.31775000
3.66478406,-49.31791000
3.66511740,-32.31910000
3.66545074,-36.69851000
3.66578409,-28.01599000
3.66611743,1.64799900
3.66645078,19.42503000
3.66678412,22.62947000
3.66711746,42.93954000
3.66745081,63.18857000
3.66778415,63.53953000
3.66811750,53.65154000
3.66845084,59.52635000
3.66878418,70.75716000
3.66911753,60.74709000
3.66945087,67.62901000
3.66978422,74.32782000
3.67011756,55.05539000
3.67045090,43.32102000
3.67078425,30.47273000
3.67111759,18.47896000
3.67145094,-0.06103702
3.67178428,-6.10370200
3.67211762,-18.75362000
3.67245097,-26.68843000
3.67278431,-39.91821000
3.67311766,-43.42784000
3.67345100,-49.30265000
3.67378434,-35.88977000
3.67411769,-45.39628000
3.67445103,-35.47777000
3.67478438,-40.84902000
3.67511772,-40.94057000
3.67545106,-24.33851000
3.67578441,-18.95199000
3.67611775,-5.49333100
3.67645110,6.34784900
3.67678444,20.08118000
3.67711778,37.04947000
3.67745113,54.36872000
3.67778447,47.22739000
3.67811782,61.46428000
3.67845116,66.31672000
3.67878450,59.51109000
3.67911785,75.27390000
3.67945119,59.41954000
3.67978454,59.41954000
3.68011788,64.21094000
3.68045122,56.45924000
3.68078457,28.85525000
3.68111791,17.16666000
3.68145126,0.67140720
3.68178460,-12.40577000
3.68211794,-19.40977000
3.68245129,-38.14813000
3.68278463,-43.03109000
3.68311798,-41.23050000
3.68345132,-51.72887000
3.68378466,-63.37169000
3.68411801,-51.91198000
3.68445135,-67.47642000
3.68478470,-56.45924000
3.68511804,-38.68221000
3.68545138,-43.59569000
3.68578473,-33.50932000
3.68611807,-3.84533200
3.68645142,16.76992000
3.68678476,34.97421000
3.68711810,40.92532000
3.68745145,54.99435000
3.68778479,63.06649000
3.68811814,64.80605000
3.68845148,56.03198000
3.68878482,73.88531000
3.68911817,60.79287000
3.68945151,75.12131000
3.68978486,67.29331000
3.69011820,49.79095000
3.69045154,48.02087000
3.69078489,36.50013000
3.69111823,17.05985000
3.69145158,-3.03659200
3.69178492,-19.79125000
3.69211826,-10.91037000
3.69245161,-34.39436000
3.69278495,-51.74413000
3.69311830,-38.48384000
3.69345164,-41.44413000
3.69378498,-38.37702000
3.69411833,-47.48680000
3.69445167,-41.15421000
3.69478502,-27.52769000
3.69511836,-28.18384000
3.69545170,-22.47688000
3.69578505,-16.83096000
3.69611839,-5.27970200
3.69645174,29.48088000
3.69678508,43.59569000
3.69711842,58.19880000
3.69745177,54.88754000
3.69778511,61.14383000
3.69811846,58.30561000
3.69845180,56.04724000
3.69878514,70.68087000
3.69911849,66.28620000
3.69945183,68.45301000
3.69978518,67.27805000
3.70011852,61.55583000
3.70045186,44.49598000
3.70078521,32.73110000
3.70111855,14.55733000
3.70145190,7.52281200
3.70178524,-5.87481300
3.70211858,-28.59584000
3.70245193,-35.29465000
3.70278527,-42.55806000
3.70311862,-42.19184000
3.70345196,-46.69331000
3.70378530,-64.47034000
3.70411865,-58.29035000
3.70445199,-58.83968000
3.70478534,-45.68621000
3.70511868,-33.63140000
3.70545202,-46.02191000
3.70578537,-33.67717000
3.70611871,-22.15644000
3.70645206,6.53096100
3.70678540,21.19510000
3.70711874,54.96383000
3.70745209,63.81420000
3.70778543,78.96664000
3.70811878,66.80502000
3.70845212,65.23331000
3.70878546,72.09998000
3.70911881,69.44486000
3.70945215,72.49671000
3.70978550,62.68502000
3.71011884,68.98709000
3.71045218,54.84176000
3.71078553,48.46339000
3.71111887,23.77392000
3.71145222,6.33259000
3.71178556,-11.38340000
3.71211891,-20.34059000
3.71245225,-35.69139000
3.71278559,-35.93554000
3.71311894,-36.53065000
3.71345228,-45.48784000
3.71378563,-41.91717000
3.71411897,-34.91317000
3.71445231,-59.93835000
3.71478566,-37.94976000
3.71511900,-26.32221000
3.71545235,-15.35081000
3.71578569,-1.64799900
3.71611903,0.32044430
3.71645238,17.80755000
3.71678572,33.38725000
3.71711907,46.87643000
3.71745241,50.34028000
3.71778575,72.16101000
3.71811910,76.06738000
3.71845244,61.54057000
3.71878579,66.66768000
3.71911913,62.62397000
3.71945247,76.05212000
3.71978582,59.52635000
3.72011916,62.66976000
3.72045251,59.48057000
3.72078585,39.23154000
3.72111919,22.53792000
3.72145254,1.90740700
3.72178588,-8.04162700
3.72211923,-35.55406000
3.72245257,-37.88873000
3.72278591,-48.43287000
3.72311926,-44.06873000
3.72345260,-43.03109000
3.72378595,-65.15701000
3.72411929,-54.01776000
3.72445263,-59.38902000
3.72478598,-51.77465000
3.72511932,-41.44413000
3.72545267,-46.06768000
3.72578601,-44.49598000
3.72611935,-22.96518000
3.72645270,2.44148100
3.72678604,20.29481000
3.72711939,31.18991000
3.72745273,54.24665000
3.72778607,56.44398000
3.72811942,56.01672000
3.72845276,50.01984000
3.72878611,74.43464000
3.72911945,57.19168000
3.72945279,65.78264000
3.72978614,70.16205000
3.73011948,60.02991000
3.73045283,56.35242000
3.73078617,35.11155000
3.73111951,25.89495000
3.73145286,9.88799700
3.73178620,-8.74355200
3.73211955,-17.54814000
3.73245289,-22.90414000
3.73278623,-45.16739000
3.73311958,-45.18265000
3.73345292,-38.71273000
3.73378627,-35.84399000
3.73411961,-46.20502000
3.73445295,-39.32310000
3.73478630,-46.26606000
3.73511964,-49.74517000
3.73545299,-43.39732000
3.73578633,-26.99362000
3.73611967,-19.59288000
3.73645302,1.80059200
3.73678636,13.70281000
3.73711971,36.10339000
3.73745305,46.66280000
3.73778639,49.21109000
3.73811974,56.65761000
3.73845308,72.69508000
3.73878643,67.62901000
3.73911977,59.90783000
3.73945311,73.53434000
3.73978646,70.65034000
3.74011980,54.12457000
3.74045315,48.60072000
3.74078649,36.05762000
3.74111983,26.55110000
3.74145318,8.30103400
3.74178652,-8.86562600
3.74211987,-20.49318000
3.74245321,-24.91836000
3.74278655,-44.80117000
3.74311990,-45.60991000
3.74345324,-49.92828000
3.74378659,-56.15405000
3.74411993,-53.31583000
3.74445327,-50.12665000
3.74478662,-69.67375000
3.74511996,-57.37479000
3.74545331,-32.60902000
3.74578665,-32.47169000
3.74611999,-12.07007000
3.74645334,6.89718300
3.74678668,28.99258000
3.74712003,39.18576000
3.74745337,54.52132000
3.74778671,61.23539000
3.74812006,68.68190000
3.74845340,56.79494000
3.74878675,73.19864000
3.74912009,71.64220000
3.74945343,76.29626000
3.74978678,61.28116000
3.75012012,72.20679000
3.75045347,62.85286000
3.75078681,46.92220000
3.75112015,33.89080000
3.75145350,18.05170000
3.75178684,-3.81481300
3.75212019,-18.31110000
3.75245353,-29.60295000
3.75278687,-37.75139000
3.75312022,-48.81435000
3.75345356,-43.70250000
3.75378691,-39.38414000
3.75412025,-52.72072000
3.75445359,-39.71984000
3.75478694,-39.07895000
3.75512028,-40.92532000
3.75545363,-23.72814000
3.75578697,-4.13525800
3.75612031,-1.77007300
3.75645366,7.37022000
3.75678700,22.52266000
3.75712035,34.68428000
3.75745369,52.26294000
3.75778703,56.19983000
3.75812038,78.27998000
3.75845372,73.41227000
3.75878707,62.27301000
3.75912041,64.79079000
3.75945375,66.27094000
3.75978710,56.35242000
3.76012044,68.59035000
3.76045379,64.40931000
3.76078713,44.75539000
3.76112047,25.05569000
3.76145382,6.88192400
3.76178716,-9.75066400
3.76212051,-21.02725000
3.76245385,-27.78710000
3.76278719,-41.23050000
3.76312054,-54.94857000
3.76345388,-54.73494000
3.76378723,-54.06354000
3.76412057,-61.92205000
3.76445391,-60.19775000
3.76478726,-41.62724000
3.76512060,-45.25895000
3.76545395,-44.00769000
3.76578729,-40.97110000
3.76612063,-27.39036000
3.76645398,-8.56044100
3.76678732,1.78533300
3.76712067,22.59896000
3.76745401,45.15213000
3.76778735,55.31479000
3.76812070,63.12754000
3.76845404,71.93213000
3.76878739,49.28739000
3.76912073,69.58220000
3.76945407,65.70634000
3.76978742,67.78161000
3.77012076,70.92501000
3.77045411,64.50086000
3.77078745,45.86932000
3.77112079,27.37510000
3.77145414,14.95407000
3.77178748,-1.60222200
3.77212083,-24.46058000
3.77245417,-29.95392000
3.77278752,-37.67510000
3.77312086,-39.96399000
3.77345420,-49.34843000
3.77378755,-49.74517000
3.77412089,-40.34547000
3.77445424,-54.65865000
3.77478758,-33.11258000
3.77512092,-32.73110000
3.77545427,-27.13095000
3.77578761,-6.60725700
3.77612096,-0.48829610
3.77645430,4.59303500
3.77678764,21.85125000
3.77712099,30.24384000
3.77745433,54.38398000
3.77778768,60.94546000
3.77812102,62.54768000
3.77845436,60.16724000
3.77878771,80.12634000
3.77912105,57.92413000
3.77945440,81.75908000
3.77978774,62.16620000
3.78012108,57.84783000
3.78045443,52.75124000
3.78078777,42.13080000
3.78112112,23.63658000
3.78145446,9.90325500
3.78178780,0.21362960
3.78212115,-19.30296000
3.78245449,-31.12888000
3.78278784,-34.28754000
3.78312118,-44.70961000
3.78345452,-49.30265000
3.78378787,-65.20279000
3.78412121,-63.03598000
3.78445456,-59.38902000
3.78478790,-58.79391000
3.78512124,-45.01480000
3.78545459,-50.58442000
3.78578793,-49.85198000
3.78612128,-25.40666000
3.78645462,-6.68355300
3.78678796,10.23896000
3.78712131,24.53688000
3.78745465,49.42472000
3.78778800,59.72472000
3.78812134,68.42249000
3.78845468,63.18857000
3.78878803,70.63509000
3.78912137,64.02782000
3.78945472,66.78976000
3.78978806,63.05124000
3.79012140,62.04412000
3.79045475,59.77050000
3.79078809,45.64043000
3.79112144,33.72295000
3.79145478,9.84221800
3.79178812,-1.96844400
3.79212147,-9.64384800
3.79245481,-29.16043000
3.79278816,-28.16858000
3.79312150,-39.78088000
3.79345484,-46.78487000
3.79378819,-34.33332000
3.79412153,-47.62413000
3.79445488,-37.32413000
3.79478822,-38.83480000
3.79512156,-29.48088000
3.79545491,-24.14014000
3.79578825,-24.75051000
3.79612160,-14.58785000
3.79645494,-5.81377600
3.79678828,4.36414700
3.79712163,29.16043000
3.79745497,41.06265000
3.79778832,68.28516000
3.79812166,69.73479000
3.79845500,71.42857000
3.79878835,64.25671000
3.79912169,64.02782000
3.79945504,74.81612000
3.79978838,60.70131000
3.80012172,70.86398000
3.80045507,55.72679000
3.80078841,44.22132000
3.80112176,27.46666000
3.80145510,7.58384900
3.80178844,-6.63777500
3.80212179,-18.46370000
3.80245513,-31.95288000
3.80278848,-34.60799000
3.80312182,-35.61510000
3.80345516,-49.04324000
3.80378851,-57.61894000
3.80412185,-65.84368000
3.80445520,-64.85183000
3.80478854,-57.32902000
3.80512188,-51.37791000
3.80545523,-32.41066000
3.80578857,-33.37199000
3.80612192,-29.12992000
3.80645526,-7.75170100
3.80678860,24.46058000
3.80712195,43.61095000
3.80745529,44.00769000
3.80778864,48.81435000
3.80812198,54.64339000
3.80845532,73.04604000
3.80878867,59.90783000
3.80912201,75.97582000
3.80945536,61.08279000
3.80978870,60.54872000
3.81012204,66.49982000
3.81045539,65.66057000
3.81078873,55.86413000
3.81112208,41.18472000
3.81145542,13.55022000
3.81178876,-2.85348100
3.81212211,-15.53392000
3.81245545,-21.68340000
3.81278880,-28.44325000
3.81312214,-31.69347000
3.81345548,-48.08191000
3.81378883,-58.22931000
3.81412217,-44.29762000
3.81445552,-37.76665000
3.81478886,-30.25910000
3.81512220,-53.59050000
3.81545555,-32.38013000
3.81578889,-9.39970000
3.81612224,5.46281300
3.81645558,9.35392200
3.81678892,34.30280000
3.81712227,47.18161000
3.81745561,57.23746000
3.81778896,60.12146000
3.81812230,63.53953000
3.81845564,58.59554000
3.81878899,71.04709000
3.81912233,64.30249000
3.81945568,69.18546000
3.81978902,77.47123000
3.82012236,59.20591000
3.82045571,46.06768000
3.82078905,38.22443000
3.82112240,35.79821000
3.82145574,12.57363000
3.82178908,7.14133100
3.82212243,-9.67436700
3.82245577,-23.85021000
3.82278912,-42.03924000
3.82312246,-45.50310000
3.82345580,-38.49910000
3.82378915,-45.10636000
3.82412249,-59.78576000
3.82445584,-51.05746000
3.82478918,-61.95257000
3.82512252,-53.55998000
3.82545587,-45.50310000
3.82578921,-55.65050000
3.82612256,-35.32517000
3.82645590,-17.10562000
3.82678924,-5.40177600
3.82712259,10.63570000
3.82745593,29.43510000
3.82778928,45.04532000
3.82812262,67.96471000
3.82845596,73.51908000
3.82878931,62.68502000
3.82912265,75.67064000
3.82945600,65.26382000
3.82978934,74.96871000
3.83012268,71.61168000
3.83045603,70.65034000
3.83078937,52.58339000
3.83112272,38.57539000
3.83145606,21.83599000
3.83178940,-4.83718300
3.83212275,-13.87066000
3.83245609,-20.76784000
3.83278944,-25.57451000
3.83312278,-31.64769000
3.83345612,-40.52858000
3.83378947,-38.86532000
3.83412281,-48.61598000
3.83445616,-35.23362000
3.83478950,-38.69747000
3.83512285,-30.67110000
3.83545619,-28.85525000
3.83578953,-20.14222000
3.83612288,-11.84118000
3.83645622,3.89111000
3.83678957,10.74251000
3.83712291,31.28147000
3.83745625,42.08502000
3.83778960,48.99746000
3.83812294,67.81213000
3.83845629,89.38871000
3.83878963,73.80901000
3.83912297,63.90576000
3.83945632,63.66161000
3.83978966,66.57613000
3.84012301,64.16516000
3.84045635,56.64235000
3.84078969,47.53257000
3.84112304,34.83688000
3.84145638,13.18400000
3.84178973,3.09762900
3.84212307,-8.05688600
3.84245641,-19.74548000
3.84278976,-39.62828000
3.84312310,-36.10339000
3.84345645,-44.29762000
3.84378979,-45.99139000
3.84412313,-65.24857000
3.84445648,-56.76442000
3.84478982,-57.71050000
3.84512317,-50.95065000
3.84545651,-45.45732000
3.84578985,-50.92013000
3.84612320,-52.07983000
3.84645654,-25.69658000
3.84678989,11.06296000
3.84712323,27.75658000
3.84745657,28.67214000
3.84778992,43.42784000
3.84812326,67.30857000
3.84845661,77.92901000
3.84878995,64.34827000
3.84912329,74.99923000
3.84945664,66.91183000
3.84978998,79.85168000
3.85012333,69.70428000
3.85045667,64.50086000
3.85079001,43.48887000
3.85112336,49.45524000
3.85145670,30.97629000
3.85179005,20.90518000
3.85212339,-3.08236900
3.85245673,-17.25822000
3.85279008,-25.54399000
3.85312342,-38.01080000
3.85345677,-38.23969000
3.85379011,-37.49199000
3.85412345,-45.28947000
3.85445680,-32.91421000
3.85479014,-46.86117000
3.85512349,-28.90103000
3.85545683,-24.46058000
3.85579017,-11.99377000
3.85612352,-1.17496300
3.85645686,2.54829500
3.85679021,1.19022200
3.85712355,25.55925000
3.85745689,38.25495000
3.85779024,50.17243000
3.85812358,52.06457000
3.85845693,59.78576000
3.85879027,59.69420000
3.85912361,67.61375000
3.85945696,69.65849000
3.85979030,71.91687000
3.86012365,53.60576000
3.86045699,53.37687000
3.86079033,50.70650000
3.86112368,27.32932000
3.86145702,15.12192000
3.86179037,-6.97347900
3.86212371,-10.94088000
3.86245705,-21.91229000
3.86279040,-35.08102000
3.86312374,-36.59169000
3.86345709,-48.50917000
3.86379043,-49.98932000
3.86412377,-54.53658000
3.86445712,-55.87939000
3.86479046,-51.65257000
3.86512381,-60.65553000
3.86545715,-37.99554000
3.86579049,-26.26118000
3.86612384,-31.06784000
3.86645718,-3.12814700
3.86679053,16.52577000
3.86712387,28.32117000
3.86745721,42.81747000
3.86779056,49.60783000
3.86812390,53.20902000
3.86845725,57.78679000
3.86879059,76.21997000
3.86912393,70.43671000
3.86945728,77.07449000
3.86979062,68.30042000
3.87012397,67.36961000
3.87045731,74.02264000
3.87079065,56.04724000
3.87112400,40.69643000
3.87145734,21.34770000
3.87179069,-0.03051851
3.87212403,-14.70992000
3.87245737,-25.75762000
3.87279072,-35.40147000
3.87312406,-40.54384000
3.87345741,-45.47258000
3.87379075,-50.75228000
3.87412409,-43.27524000
3.87445744,-44.96902000
3.87479078,-35.96606000
3.87512413,-48.41761000
3.87545747,-42.83273000
3.87579081,-8.17896000
3.87612416,-3.79955400
3.87645750,11.76488000
3.87679085,25.51347000
3.87712419,29.46562000
3.87745753,39.26206000
3.87779088,43.65673000
3.87812422,55.43687000
3.87845757,60.79287000
3.87879091,66.13361000
3.87912425,77.73064000
3.87945760,63.73790000
3.87979094,81.71330000
3.88012429,65.52323000
3.88045763,63.34116000
3.88079097,50.18769000
3.88112432,29.86236000
3.88145766,20.87466000
3.88179101,5.87481300
3.88212435,-6.88192400
3.88245769,-19.21140000
3.88279104,-34.56221000
3.88312438,-45.19791000
3.88345773,-40.66591000
3.88379107,-50.93539000
3.88412441,-68.13257000
3.88445776,-61.26590000
3.88479110,-52.30872000
3.88512445,-40.26917000
3.88545779,-54.09406000
3.88579113,-52.87331000
3.88612448,-40.57436000
3.88645782,-20.59999000
3.88679117,-12.72622000
3.88712451,6.65303500
3.88745785,36.97317000
3.88779120,42.57332000
3.88812454,56.26087000
3.88845789,52.87331000
3.88879123,60.09094000
3.88912457,65.00442000
3.88945792,69.15494000
3.88979126,59.43480000
3.89012461,63.92102000
3.89045795,60.56398000
3.89079129,57.39005000
3.89112464,40.29969000
3.89145798,17.60918000
3.89179133,6.56147900
3.89212467,-8.66725600
3.89245801,-22.90414000
3.89279136,-21.80547000
3.89312470,-44.49598000
3.89345805,-43.58043000
3.89379139,-44.28236000
3.89412473,-40.36073000
3.89445808,-44.08398000
3.89479142,-39.53673000
3.89512477,-44.78591000
3.89545811,-35.76769000
3.89579146,-30.93051000
3.89612480,-27.87866000
3.89645814,0.61037020
3.89679149,23.56029000
3.89712483,42.54280000
3.89745818,53.59050000
3.89779152,61.63213000
3.89812486,75.45701000
3.89845821,71.23020000
3.89879155,53.10220000
3.89912490,73.30545000
3.89945824,59.28220000
3.89979158,82.09478000
3.90012493,70.57405000
3.90045827,53.92620000
3.90079162,52.36976000
3.90112496,33.90606000
3.90145830,2.07525800
3.90179165,2.30414700
3.90212499,-8.25525600
3.90245834,-27.72606000
3.90279168,-34.44014000
3.90312502,-38.28547000
3.90345837,-34.31806000
3.90379171,-53.65154000
3.90412506,-60.97598000
3.90445840,-61.35746000
3.90479174,-66.65242000
3.90512509,-50.46235000
3.90545843,-39.27732000
3.90579178,-38.56013000
3.90612512,-35.82873000
3.90645846,-27.23777000
3.90679181,0.53407390
3.90712515,23.62132000
3.90745850,45.38102000
3.90779184,54.15509000
3.90812518,59.96887000
3.90845853,58.30561000
3.90879187,71.70324000
3.90912522,61.60161000
3.90945856,68.89553000
3.90979190,68.81924000
3.91012525,71.97791000
3.91045859,68.77346000
3.91079194,56.85598000
3.91112528,47.12057000
3.91145862,33.93658000
3.91179197,23.36192000
3.91212531,4.89822100
3.91245866,-12.42103000
3.91279200,-19.28770000
3.91312534,-25.63555000
3.91345869,-31.58666000
3.91379203,-42.34443000
3.91412538,-56.88650000
3.91445872,-39.62828000
3.91479206,-57.96991000
3.91512541,-36.68324000
3.91545875,-31.89184000
3.91579210,-14.09955000
3.91612544,-4.36414700
3.91645878,-4.10473900
3.91679213,11.58177000
3.91712547,31.03732000
3.91745882,44.64858000
3.91779216,61.29642000
3.91812550,60.39613000
3.91845885,57.10013000
3.91879219,69.65849000
3.91912554,58.10724000
3.91945888,66.53034000
3.91979222,72.69508000
3.92012557,72.90871000
3.92045891,54.73494000
3.92079226,58.42768000
3.92112560,28.80947000
3.92145894,21.75970000
3.92179229,11.26133000
3.92212563,-5.29496100
3.92245898,-14.46577000
3.92279232,-31.29673000
3.92312566,-44.61806000
3.92345901,-40.22340000
3.92379235,-55.45213000
3.92412570,-62.47139000
3.92445904,-51.65257000
3.92479238,-71.24546000
3.92512573,-57.40531000
3.92545907,-40.36073000
3.92579242,-29.26725000
3.92612576,-31.03732000
3.92645910,-27.10044000
3.92679245,2.28888800
3.92712579,23.13303000
3.92745914,36.51539000
3.92779248,52.15613000
3.92812582,53.36161000
3.92845917,52.27820000
3.92879251,67.65953000
3.92912586,68.74294000
3.92945920,62.59346000
3.92979254,74.02264000
3.93012589,69.88738000
3.93045923,59.69420000
3.93079258,58.32087000
3.93112592,36.91213000
3.93145926,13.53496000
3.93179261,0.39674060
3.93212595,-4.66933200
3.93245930,-24.47584000
3.93279264,-15.88488000
3.93312598,-25.14725000
3.93345933,-48.02087000
3.93379267,-48.34132000
3.93412602,-41.24576000
3.93445936,-46.70858000
3.93479270,-47.18161000
3.93512605,-46.46443000
3.93545939,-26.23066000
3.93579274,-20.85940000
3.93612608,-5.47807200
3.93645942,12.26844000
3.93679277,28.51954000
3.93712611,26.49006000
3.93745946,38.78902000
3.93779280,53.45317000
3.93812614,69.20071000
3.93845949,66.07257000
3.93879283,65.61479000
3.93912618,56.04724000
3.93945952,70.26887000
3.93979286,57.52739000
3.94012621,65.06545000
3.94045955,58.61079000
3.94079290,55.97094000
3.94112624,45.48784000
3.94145958,29.83184000
3.94179293,6.19525700
3.94212627,-1.70903600
3.94245962,-12.40577000
3.94279296,-36.17969000
3.94312630,-37.91925000
3.94345965,-37.55302000
3.94379299,-35.63036000
3.94412634,-61.37272000
3.94445968,-58.04620000
3.94479302,-63.29538000
3.94512637,-47.62413000
3.94545971,-46.75435000
3.94579306,-45.60991000
3.94612640,-41.73406000
3.94645974,-30.73214000
3.94679309,-13.94696000
3.94712643,1.58696200
3.94745978,19.31821000
3.94779312,47.97509000
3.94812646,44.45021000
3.94845981,71.13864000
3.94879315,69.88738000
3.94912650,69.06339000
3.94945984,72.14575000
3.94979318,57.43583000
3.95012653,78.47834000
3.95045987,71.76427000
3.95079322,63.63109000
3.95112656,45.36576000
3.95145990,26.00177000
3.95179325,12.90933000
3.95212659,3.11288800
3.95245994,-3.69273900
3.95279328,-21.22562000
3.95312662,-30.53377000
3.95345997,-42.26813000
3.95379331,-32.60902000
3.95412666,-57.55791000
3.95446000,-22.75155000
3.95479334,-52.72072000
3.95512669,-31.66295000
3.95546003,-41.84087000
3.95579338,-36.33228000
3.95612672,-26.44429000
3.95646007,-5.11185000
3.95679341,6.17999800
3.95712675,14.38948000
3.95746010,30.64058000
3.95779344,49.79095000
3.95812679,49.71465000
3.95846013,50.61494000
3.95879347,60.10620000
3.95912682,72.51197000
3.95946016,68.11731000
3.95979351,72.43568000
3.96012685,66.10309000
3.96046019,48.92117000
3.96079354,45.01480000
3.96112688,43.58043000
3.96146023,34.63851000
3.96179357,2.13629600
3.96212691,-10.49837000
3.96246026,-25.13199000
3.96279360,-38.91110000
3.96312695,-42.74117000
3.96346029,-46.44917000
3.96379363,-47.27317000
3.96412698,-60.01465000
3.96446032,-55.65050000
3.96479367,-57.46635000
3.96512701,-61.57109000
3.96546035,-50.20295000
3.96579370,-61.08279000
3.96612704,-43.35154000
3.96646039,-29.46562000
3.96679373,1.23600000
3.96712707,34.37910000
3.96746042,41.04739000
3.96779376,56.32190000
3.96812711,65.35538000
3.96846045,75.10605000
3.96879379,68.02576000
3.96912714,62.28827000
3.96946048,79.76012000
3.96979383,70.98605000
3.97012717,65.00442000
3.97046051,67.67479000
3.97079386,60.96072000
3.97112720,53.17850000
3.97146055,41.85613000
3.97179389,26.96310000
3.97212723,5.67644300
3.97246058,-1.54118500
3.97279392,-17.80755000
3.97312727,-31.43406000
3.97346061,-43.24472000
3.97379395,-42.58858000
3.97412730,-40.95584000
3.97446064,-49.02798000
3.97479399,-41.23050000
3.97512733,-37.76665000
3.97546067,-42.16132000
3.97579402,-35.40147000
3.97612736,-5.29496100
3.97646071,4.69985000
3.97679405,5.93585000
3.97712739,11.27659000
3.97746074,33.26517000
3.97779408,50.30976000
3.97812743,63.95153000
3.97846077,76.05212000
3.97879411,68.97182000
3.97912746,58.03094000
3.97946080,79.31760000
3.97979415,64.43983000
3.98012749,81.75908000
3.98046083,74.93819000
3.98079418,54.47554000
3.98112752,47.71569000
3.98146087,34.27229000
3.98179421,15.83911000
3.98212755,-1.20548100
3.98246090,-17.51762000
3.98279424,-20.87466000
3.98312759,-34.36384000
3.98346093,-31.84606000
3.98379427,-46.25080000
3.98412762,-62.92916000
3.98446096,-60.65553000
3.98479431,-69.47539000
3.98512765,-59.38902000
3.98546099,-63.29538000
3.98579434,-50.05035000
3.98612768,-49.42472000
3.98646103,-41.59673000
3.98679437,-24.12488000
3.98712771,8.95718300
3.98746106,27.75658000
3.98779440,39.27732000
3.98812775,45.94561000
3.98846109,60.97598000
3.98879443,67.70531000
3.98912778,71.74902000
3.98946112,67.61375000
3.98979447,77.45597000
3.99012781,67.14072000
3.99046115,67.96471000
3.99079450,57.39005000
3.99112784,37.96502000
3.99146119,33.41777000
3.99179453,14.98459000
3.99212787,-1.32755500
3.99246122,-12.26844000
3.99279456,-28.71791000
3.99312791,-31.12888000
3.99346125,-38.20917000
3.99379459,-47.47154000
3.99412794,-37.07999000
3.99446128,-45.67095000
3.99479463,-38.83480000
3.99512797,-37.12576000
3.99546131,-19.02829000
3.99579466,-24.32325000
3.99612800,-14.43525000
3.99646135,-8.81984900
3.99679469,15.41185000
3.99712803,26.97836000
3.99746138,41.50517000
3.99779472,58.77865000
3.99812807,78.35627000
3.99846141,77.65434000
3.99879475,64.74501000
3.99912810,57.11539000
3.99946144,67.40012000
3.99979479,68.28516000
4.00012813,61.40324000
4.00046147,66.49982000
4.00079482,65.44694000
4.00112816,48.09717000
4.00146151,36.66798000
4.00179485,17.97540000
4.00212819,2.47199900
4.00246154,-7.95007100
4.00279488,-29.61821000
4.00312823,-32.62428000
4.00346157,-34.34858000
4.00379491,-40.75747000
4.00412826,-47.86828000
4.00446160,-57.77153000
4.00479495,-55.34531000
4.00512829,-47.05954000
4.00546163,-62.77657000
4.00579498,-53.88042000
4.00612832,-53.65154000
4.00646167,-33.63140000
4.00679501,-14.00799000
4.00712835,2.77718400
4.00746170,26.23066000
4.00779504,31.75451000
4.00812839,36.16443000
4.00846173,56.71865000
4.00879507,64.69923000
4.00912842,68.51405000
4.00946176,63.38694000
4.00979511,62.48664000
4.01012845,73.48856000
4.01046179,63.53953000
4.01079514,53.25480000
4.01112848,55.08591000
4.01146183,32.19703000
4.01179517,23.91125000
4.01212851,0.50355540
4.01246186,-8.28577500
4.01279520,-23.22458000
4.01312855,-37.52250000
4.01346189,-44.95376000
4.01379523,-45.41154000
4.01412858,-41.41361000
4.01446192,-33.72295000
4.01479527,-46.55598000
4.01512861,-47.83776000
4.01546195,-26.88680000
4.01579530,-24.12488000
4.01612864,-15.38133000
4.01646199,-5.84429400
4.01679533,11.07822000
4.01712867,34.15021000
4.01746202,57.64946000
4.01779536,56.12354000
4.01812871,61.60161000
4.01846205,70.89449000
4.01879540,74.70930000
4.01912874,66.82027000
4.01946208,78.49361000
4.01979543,65.73686000
4.02012877,80.15686000
4.02046212,64.54664000
4.02079546,52.24768000
4.02112880,47.63939000
4.02146215,31.15940000
4.02179549,15.38133000
4.02212884,9.78118100
4.02246218,-15.30503000
4.02279552,-29.32829000
4.02312887,-43.77880000
4.02346221,-49.13480000
4.02379556,-43.58043000
4.02412890,-45.51836000
4.02446224,-59.34324000
4.02479559,-50.75228000
4.02512893,-61.79998000
4.02546228,-52.20191000
4.02579562,-32.24280000
4.02612896,-43.32102000
4.02646231,-37.18680000
4.02679565,-4.11999800
4.02712900,17.48710000
4.02746234,26.59688000
4.02779568,47.95984000
4.02812903,52.75124000
4.02846237,60.36560000
4.02879572,57.95465000
4.02912906,68.60561000
4.02946240,76.93716000
4.02979575,60.65553000
4.03012909,74.11420000
4.03046244,69.78057000
4.03079578,70.19257000
4.03112912,50.56916000
4.03146247,28.99258000
4.03179581,16.90725000
4.03212916,6.59199800
4.03246250,2.15155500
4.03279584,-10.92563000
4.03312919,-25.72710000
4.03346253,-39.53673000
4.03379588,-50.49287000
4.03412922,-45.12162000
4.03446256,-37.65984000
4.03479591,-42.25287000
4.03512925,-33.50932000
4.03546260,-30.04547000
4.03579594,-38.31599000
4.03612928,-27.64977000
4.03646263,-5.90533100
4.03679597,-1.95318400
4.03712932,6.24103500
4.03746266,31.43406000
4.03779600,52.99539000
4.03812935,57.75628000
4.03846269,69.38383000
4.03879604,65.88946000
4.03912938,72.13049000
4.03946272,75.02975000
4.03979607,66.17938000
4.04012941,69.44486000
4.04046276,74.64827000
4.04079610,57.48161000
4.04112944,49.43998000
4.04146279,34.15021000
4.04179613,21.89703000
4.04212948,7.70592300
4.04246282,-4.40992500
4.04279616,-24.14014000
4.04312951,-42.69539000
4.04346285,-37.23258000
4.04379620,-44.09924000
4.04412954,-47.02902000
4.04446288,-68.10205000
4.04479623,-53.05643000
4.04512957,-68.37672000
4.04546292,-55.58946000
4.04579626,-34.11969000
4.04612960,-46.76961000
4.04646295,-40.07080000
4.04679629,-7.53807100
4.04712964,26.50532000
4.04746298,37.50724000
4.04779632,54.91806000
4.04812967,69.79583000
4.04846301,71.71850000
4.04879636,71.55064000
4.04912970,59.61790000
4.04946304,73.70219000
4.04979639,69.76531000
4.05012973,81.88115000
4.05046308,64.01257000
4.05079642,62.94442000
4.05112976,58.90072000
4.05146311,36.16443000
4.05179645,18.29585000
4.05212980,8.72829300
4.05246314,-5.26444200
4.05279648,-10.26948000
4.05312983,-31.00680000
4.05346317,-34.60799000
4.05379652,-46.86117000
4.05412986,-44.58754000
4.05446320,-35.03525000
4.05479655,-44.95376000
4.05512989,-21.42399000
4.05546324,-33.72295000
4.05579658,-35.99658000
4.05612992,-21.16459000
4.05646327,-14.40474000
4.05679661,16.35792000
4.05712996,3.87585000
4.05746330,28.29066000
4.05779664,51.57627000
4.05812999,59.12961000
4.05846333,72.37463000
4.05879668,71.21494000
4.05913002,68.60561000
4.05946336,82.12530000
4.05979671,63.57005000
4.06013005,76.60146000
4.06046340,63.02072000
4.06079674,60.94546000
4.06113008,46.09821000
4.06146343,30.59480000
4.06179677,23.46873000
4.06213012,5.60014600
4.06246346,-5.27970200
4.06279680,-17.38029000
4.06313015,-31.08310000
4.06346349,-37.69036000
4.06379684,-39.53673000
4.06413018,-38.20917000
4.06446352,-63.67687000
4.06479687,-60.12146000
4.06513021,-54.58235000
4.06546356,-44.34339000
4.06579690,-50.35554000
4.06613024,-47.25791000
4.06646359,-30.96103000
4.06679693,-20.52369000
4.06713028,-14.35896000
4.06746362,26.50532000
4.06779696,52.24768000
4.06813031,59.95361000
4.06846365,73.30545000
4.06879700,69.65849000
4.06913034,63.43272000
4.06946368,75.45701000
4.06979703,63.17331000
4.07013037,73.77849000
4.07046372,75.30441000
4.07079706,62.88339000
4.07113040,62.27301000
4.07146375,45.13688000
4.07179709,29.20621000
4.07213044,16.55629000
4.07246378,-6.68355300
4.07279712,-16.61733000
4.07313047,-22.41584000
4.07346381,-28.32117000
4.07379716,-42.20710000
4.07413050,-39.67406000
4.07446384,-30.64058000
4.07479719,-46.87643000
4.07513053,-41.65776000
4.07546388,-34.98947000
4.07579722,-45.94561000
4.07613056,-22.75155000
4.07646391,-16.34266000
4.07679725,1.55644400
4.07713060,19.85229000
4.07746394,32.80740000
4.07779728,41.61198000
4.07813063,58.30561000
4.07846397,70.17731000
4.07879732,61.06753000
4.07913066,53.05643000
4.07946401,83.01034000
4.07979735,69.33805000
4.08013069,85.43656000
4.08046404,67.82738000
4.08079738,69.94842000
4.08113073,48.55495000
4.08146407,37.76665000
4.08179741,20.26429000
4.08213076,10.13214000
4.08246410,-2.59407300
4.08279745,-12.11585000
4.08313079,-27.87866000
4.08346413,-40.11658000
4.08379748,-41.04739000
4.08413082,-45.96087000
4.08446417,-63.72264000
4.08479751,-62.10516000
4.08513085,-54.41450000
4.08546420,-51.74413000
4.08579754,-48.55495000
4.08613089,-39.27732000
4.08646423,-36.72902000
4.08679757,-8.83510900
4.08713092,13.99273000
4.08746426,35.63036000
4.08779761,50.14191000
4.08813095,45.16739000
4.08846429,51.48472000
4.08879764,55.97094000
4.08913098,77.80694000
4.08946433,80.91982000
4.08979767,72.26782000
4.09013101,63.78368000
4.09046436,78.46308000
4.09079770,69.56694000
4.09113105,66.74397000
4.09146439,51.68309000
4.09179773,32.67006000
4.09213108,9.06399600
4.09246442,-3.40281400
4.09279777,-12.20740000
4.09313111,-27.22251000
4.09346445,-38.45332000
4.09379780,-34.60799000
4.09413114,-47.66991000
4.09446449,-31.54088000
4.09479783,-49.33317000
4.09513117,-35.12680000
4.09546452,-44.51125000
4.09579786,-33.73821000
4.09613121,-10.16266000
4.09646455,-10.80355000
4.09679789,-2.39570300
4.09713124,9.03347800
4.09746458,39.38414000
4.09779793,49.71465000
4.09813127,62.27301000
4.09846461,55.81835000
4.09879796,59.86205000
4.09913130,78.78353000
4.09946465,63.12754000
4.09979799,69.50591000
4.10013133,65.64531000
4.10046468,59.61790000
4.10079802,73.53434000
4.10113137,63.02072000
4.10146471,46.69331000
4.10179805,34.94369000
4.10213140,8.42310800
4.10246474,-3.96740600
4.10279809,-19.68444000
4.10313143,-25.43718000
4.10346477,-30.65584000
4.10379812,-45.51836000
4.10413146,-50.95065000
4.10446481,-51.71361000
4.10479815,-71.44383000
4.10513149,-49.02798000
4.10546484,-65.96575000
4.10579818,-41.52043000
4.10613153,-25.52873000
4.10646487,-19.31821000
4.10679821,-8.31629300
4.10713156,7.81273800
4.10746490,31.92236000
4.10779825,39.62828000
4.10813159,57.13065000
4.10846493,53.01065000
4.10879828,54.75020000
4.10913162,70.28413000
4.10946497,72.43568000
4.10979831,77.50175000
4.11013165,60.48768000
4.11046500,70.98605000
4.11079834,80.44679000
4.11113169,62.18146000
4.11146503,48.44813000
4.11179837,35.92028000
4.11213172,16.00696000
4.11246506,-1.95318400
4.11279841,-18.58577000
4.11313175,-29.77081000
4.11346509,-37.58354000
4.11379844,-39.91821000
4.11413178,-33.70769000
4.11446513,-31.66295000
4.11479847,-41.85613000
4.11513181,-36.66798000
4.11546516,-38.43806000
4.11579850,-23.56029000
4.11613185,-8.46888600
4.11646519,-11.41392000
4.11679853,1.49540700
4.11713188,21.27140000
4.11746522,34.71480000
4.11779857,56.79494000
4.11813191,63.84472000
4.11846525,60.96072000
4.11879860,69.67375000
4.11913194,71.58116000
4.11946529,67.70531000
4.11979863,68.57509000
4.12013197,68.08679000
4.12046532,70.39094000
4.12079866,70.66560000
4.12113201,63.75316000
4.12146535,46.41865000
4.12179869,32.16651000
4.12213204,18.76888000
4.12246538,-2.54829500
4.12279873,-18.31110000
4.12313207,-28.47377000
4.12346541,-34.02814000
4.12379876,-44.19080000
4.12413210,-52.47657000
4.12446545,-44.63332000
4.12479879,-62.66976000
4.12513213,-58.56502000
4.12546548,-63.75316000
4.12579882,-38.77377000
4.12613217,-36.91213000
4.12646551,-27.74132000
4.12679885,-15.06088000
4.12713220,-10.14740000
4.12746554,7.62962700
4.12779889,37.62932000
4.12813223,48.31080000
4.12846557,48.50917000
4.12879892,61.83049000
4.12913226,83.22397000
4.12946561,60.59449000
4.12979895,82.62885000
4.13013229,68.97182000
4.13046564,81.48442000
4.13079898,75.07553000
4.13113233,63.34116000
4.13146567,52.27820000
4.13179901,31.63243000
4.13213236,17.05985000
4.13246570,2.18207300
4.13279905,-14.75570000
4.13313239,-33.82977000
4.13346573,-30.06073000
4.13379908,-36.75954000
4.13413242,-36.37806000
4.13446577,-37.87347000
4.13479911,-39.59776000
4.13513245,-35.69139000
4.13546580,-40.81850000
4.13579914,-24.26221000
4.13613249,-23.39244000
4.13646583,-12.68044000
4.13679917,1.29703700
4.13713252,16.11377000
4.13746586,36.08813000
4.13779921,36.05762000
4.13813255,44.57228000
4.13846589,55.81835000
4.13879924,62.33405000
4.13913258,70.97079000
4.13946593,64.95864000
4.13979927,81.36234000
4.14013261,74.29730000
4.14046596,81.24027000
4.14079930,70.37568000
4.14113265,63.03598000
4.14146599,46.87643000
4.14179934,33.73821000
4.14213268,19.48607000
4.14246602,4.07422100
4.14279937,-13.09244000
4.14313271,-25.80340000
4.14346606,-40.92532000
4.14379940,-44.29762000
4.14413274,-45.15213000
4.14446609,-52.69020000
4.14479943,-64.43983000
4.14513278,-48.53969000
4.14546612,-72.43568000
4.14579946,-53.77361000
4.14613281,-37.85821000
4.14646615,-36.17969000
4.14679950,-19.80651000
4.14713284,6.69881200
4.14746618,25.87969000
4.14779953,41.52043000
4.14813287,52.76650000
4.14846622,49.68413000
4.14879956,54.82650000
4.14913290,69.50591000
4.14946625,78.66145000
4.14979959,73.83952000
4.15013294,73.41227000
4.15046628,79.37864000
4.15079962,69.21598000
4.15113297,64.02782000
4.15146631,51.24057000
4.15179966,31.51036000
4.15213300,21.25614000
4.15246634,7.61436700
4.15279969,-9.41495900
4.15313303,-19.31821000
4.15346638,-28.22962000
4.15379972,-23.42295000
4.15413306,-34.08917000
4.15446641,-45.28947000
4.15479975,-44.08398000
4.15513310,-32.82265000
4.15546644,-39.99451000
4.15579978,-25.13199000
4.15613313,-18.72310000
4.15646647,4.86770200
4.15679982,12.39051000
4.15713316,18.79940000
4.15746650,29.74029000
4.15779985,51.37791000
4.15813319,65.03493000
4.15846654,74.86190000
4.15879988,75.18234000
4.15913322,71.32175000
4.15946657,71.67272000
4.15979991,67.75109000
4.16013326,83.51389000
4.16046660,67.82738000
4.16079994,72.00842000
4.16113329,60.30457000
4.16146663,35.82873000
4.16179998,28.12280000
4.16213332,12.95511000
4.16246666,2.12103600
4.16280001,-7.20236800
4.16313335,-15.10666000
4.16346670,-25.66606000
4.16380004,-43.48887000
4.16413338,-47.65465000
4.16446673,-55.08591000
4.16480007,-49.05850000
4.16513342,-67.40012000
4.16546676,-43.04636000
4.16580010,-40.05554000
4.16613345,-38.07184000
4.16646679,-43.61095000
4.16680014,-25.51347000
4.16713348,-3.78429500
4.16746682,14.89303000
4.16780017,41.62724000
4.16813351,48.14294000
4.16846686,53.55998000
4.16880020,75.07553000
4.16913354,75.48753000
4.16946689,71.38279000
4.16980023,79.68382000
4.17013358,73.53434000
4.17046692,74.23627000
4.17080026,70.65034000
4.17113361,68.54457000
4.17146695,62.54768000
4.17180030,49.59258000
4.17213364,28.83999000
4.17246698,10.42207000
4.17280033,-1.41911100
4.17313367,-11.41392000
4.17346702,-40.78799000
4.17380036,-43.90088000
4.17413370,-36.27124000
4.17446705,-35.08102000
4.17480039,-38.77377000
4.17513374,-42.23761000
4.17546708,-39.49095000
4.17580042,-16.41896000
4.17613377,-30.21332000
4.17646711,-30.38117000
4.17680046,-18.61629000
4.17713380,1.80059200
4.17746714,19.40977000
4.17780049,36.34754000
4.17813383,54.39924000
4.17846718,52.94961000
4.17880052,56.04724000
4.17913386,68.30042000
4.17946721,65.06545000
4.17980055,76.73878000
4.18013390,67.27805000
4.18046724,84.07848000
4.18080058,80.72146000
4.18113393,53.16324000
4.18146727,46.87643000
4.18180062,43.00058000
4.18213396,18.11273000
4.18246730,8.92666300
4.18280065,-6.69881200
4.18313399,-14.57259000
4.18346734,-33.95184000
4.18380068,-34.02814000
4.18413402,-30.50325000
4.18446737,-54.68917000
4.18480071,-55.14695000
4.18513406,-58.24457000
4.18546740,-55.61998000
4.18580074,-51.69835000
4.18613409,-22.70577000
4.18646743,-20.59999000
4.18680078,-7.27866400
4.18713412,6.33259000
4.18746746,28.64162000
4.18780081,44.40443000
4.18813415,50.30976000
4.18846750,65.06545000
4.18880084,61.63213000
4.18913418,66.53034000
4.18946753,80.82827000
4.18980087,66.66768000
4.19013422,75.93005000
4.19046756,65.40116000
4.19080090,68.42249000
4.19113425,72.63405000
4.19146759,59.26694000
4.19180094,41.35258000
4.19213428,23.46873000
4.19246762,8.80458900
4.19280097,-10.13214000
4.19313431,-19.63866000
4.19346766,-25.65080000
4.19380100,-34.30280000
4.19413434,-34.33332000
4.19446769,-42.20710000
4.19480103,-40.77273000
4.19513438,-46.37287000
4.19546772,-36.98843000
4.19580106,-22.27851000
4.19613441,-32.82265000
4.19646775,-16.67836000
4.19680110,-3.67748000
4.19713444,4.48622100
4.19746778,12.28370000
4.19780113,39.12473000
4.19813447,46.75435000
4.19846782,48.26502000
4.19880116,59.28220000
4.19913450,69.46012000
4.19946785,67.53746000
4.19980119,66.59138000
4.20013454,78.41730000
4.20046788,86.42841000
4.20080122,61.58635000
4.20113457,55.45213000
4.20146791,56.21509000
4.20180126,41.18472000
4.20213460,25.65080000
4.20246795,-0.97659220
4.20280129,-11.42918000
4.20313463,-20.90518000
4.20346798,-33.90606000
4.20380132,-46.09821000
4.20413467,-51.40842000
4.20446801,-44.75539000
4.20480135,-53.49894000
4.20513470,-53.60576000
4.20546804,-47.94458000
4.20580139,-52.93435000
4.20613473,-49.37894000
4.20646807,-49.63836000
4.20680142,-40.75747000
4.20713476,-16.23585000
4.20746811,12.42103000
4.20780145,31.96814000
4.20813479,48.95169000
4.20846814,41.94769000
4.20880148,60.47242000
4.20913483,89.29716000
4.20946817,76.75404000
4.20980151,66.78976000
4.21013486,82.39997000
4.21046820,78.76827000
4.21080155,69.26176000
4.21113489,62.92916000
4.21146823,58.64131000
4.21180158,44.93850000
4.21213492,19.07407000
4.21246827,4.82192400
4.21280161,-5.66118300
4.21313495,-19.71496000
4.21346830,-21.39347000
4.21380164,-30.94577000
4.21413499,-34.15021000
4.21446833,-34.85214000
4.21480167,-29.90814000
4.21513502,-45.27421000
4.21546836,-29.19095000
4.21580171,-20.27955000
4.21613505,-28.50429000
4.21646839,-18.43318000
4.21680174,-5.98162700
4.21713508,1.02237000
4.21746843,11.59703000
4.21780177,39.82665000
4.21813511,62.27301000
4.21846846,67.53746000
4.21880180,65.53849000
4.21913515,62.19672000
4.21946849,73.73271000
4.21980183,86.33686000
4.22013518,75.18234000
4.22046852,72.26782000
4.22080187,73.99212000
4.22113521,65.11124000
4.22146855,57.45109000
4.22180190,51.69835000
4.22213524,34.50117000
4.22246859,10.97140000
4.22280193,0.33570360
4.22313527,-10.55940000
4.22346862,-20.11170000
4.22380196,-30.44221000
4.22413531,-47.16635000
4.22446865,-57.29850000
4.22480199,-49.91302000
4.22513534,-59.09909000
4.22546868,-47.18161000
4.22580203,-55.19272000
4.22613537,-38.04132000
4.22646871,-37.99554000
4.22680206,-17.15140000
4.22713540,-4.44044300
4.22746875,10.51363000
4.22780209,28.32117000
4.22813543,44.35865000
4.22846878,58.18354000
4.22880212,67.94946000
4.22913547,75.02975000
4.22946881,75.36546000
4.22980215,68.98709000
4.23013550,81.16397000
4.23046884,79.02768000
4.23080219,67.38486000
4.23113553,72.32886000
4.23146887,57.98516000
4.23180222,41.93243000
4.23213556,30.19806000
4.23246891,12.57363000
4.23280225,-4.30311000
4.23313559,-14.58785000
4.23346894,-23.04147000
4.23380228,-33.17362000
4.23413563,-30.73214000
4.23446897,-36.69851000
4.23480231,-34.04340000
4.23513566,-30.83895000
4.23546900,-49.85198000
4.23580235,-28.80947000
4.23613569,-23.25510000
4.23646903,-19.57762000
4.23680238,1.83111000
4.23713572,12.97037000
4.23746907,31.25095000
4.23780241,58.15302000
4.23813575,69.27702000
4.23846910,73.29019000
4.23880244,77.47123000
4.23913579,69.50591000
4.23946913,61.96783000
4.23980247,80.59938000
4.24013582,75.97582000
4.24046916,92.77626000
4.24080251,77.07449000
4.24113585,64.86709000
4.24146919,53.01065000
4.24180254,44.02295000
4.24213588,23.74340000
4.24246923,13.35185000
4.24280257,-9.44547800
4.24313591,-21.77496000
4.24346926,-34.80636000
4.24380260,-42.22235000
4.24413595,-40.83376000
4.24446929,-45.45732000
4.24480263,-43.04636000
4.24513598,-65.17227000
4.24546932,-39.29258000
4.24580267,-47.25791000
4.24613601,-42.61909000
4.24646935,-35.73717000
4.24680270,-38.46858000
4.24713604,-29.09940000
4.24746939,-9.94903400
4.24780273,15.91540000
4.24813607,45.50310000
4.24846942,56.21509000
4.24880276,61.37272000
4.24913611,55.65050000
4.24946945,70.45198000
4.24980279,70.13153000
4.25013614,73.91582000
4.25046948,67.81213000
4.25080283,86.74886000
4.25113617,74.51093000
4.25146951,60.06042000
4.25180286,49.74517000
4.25213620,27.19199000
4.25246955,20.38636000
4.25280289,8.40784900
4.25313623,-12.77199000
4.25346958,-22.01910000
4.25380292,-29.69451000
4.25413627,-35.55406000
4.25446961,-42.58858000
4.25480295,-30.21332000
4.25513630,-41.32206000
4.25546964,-29.19095000
4.25580299,-30.56429000
4.25613633,-36.42384000
4.25646967,-15.03036000
4.25680302,-9.53703300
4.25713636,-2.22785100
4.25746971,8.46888600
4.25780305,13.97748000
4.25813639,43.27524000
4.25846974,56.26087000
4.25880308,51.30161000
4.25913643,69.21598000
4.25946977,78.52412000
4.25980311,62.13568000
4.26013646,71.21494000
4.26046980,70.89449000
4.26080315,74.83138000
4.26113649,64.43983000
4.26146983,63.76842000
4.26180318,39.78088000
4.26213652,20.24903000
4.26246987,3.81481300
4.26280321,0.99185150
4.26313656,-9.82696000
4.26346990,-24.91836000
4.26380324,-35.24888000
4.26413659,-48.64650000
4.26446993,-50.66072000
4.26480328,-46.40339000
4.26513662,-56.38294000
4.26546996,-50.09613000
4.26580331,-51.69835000
4.26613665,-62.68502000
4.26647000,-53.88042000
4.26680334,-41.65776000
4.26713668,-44.80117000
4.26747003,-7.88903400
4.26780337,21.05777000
4.26813672,39.55199000
4.26847006,49.54680000
4.26880340,61.99835000
4.26913675,67.09494000
4.26947009,81.34708000
4.26980344,78.93612000
4.27013678,71.94739000
4.27047012,77.37968000
4.27080347,84.07848000
4.27113681,61.47953000
4.27147016,68.88027000
4.27180350,40.22340000
4.27213684,27.60399000
4.27247019,13.13822000
4.27280353,1.69377700
4.27313688,-14.20637000
4.27347022,-23.92651000
4.27380356,-31.46458000
4.27413691,-43.54991000
4.27447025,-35.67614000
4.27480360,-27.98547000
4.27513694,-37.69036000
4.27547028,-31.26621000
4.27580363,-19.80651000
4.27613697,-26.12384000
4.27647032,-24.91836000
4.27680366,-18.03644000
4.27713700,-4.04370200
4.27747035,29.67925000
4.27780369,39.18576000
4.27813704,49.16532000
4.27847038,63.55479000
4.27880372,70.78768000
4.27913707,63.41746000
4.27947041,56.04724000
4.27980376,73.44279000
4.28013710,72.81715000
4.28047044,75.97582000
4.28080379,67.40012000
4.28113713,58.04620000
4.28147048,64.25671000
4.28180382,56.62709000
4.28213716,35.63036000
4.28247051,20.02014000
4.28280385,4.65407200
4.28313720,-10.75777000
4.28347054,-31.67821000
4.28380388,-40.97110000
4.28413723,-32.18177000
4.28447057,-43.50413000
4.28480392,-56.61183000
4.28513726,-51.25583000
4.28547060,-58.51924000
4.28580395,-39.71984000
4.28613729,-28.70266000
4.28647064,-28.19910000
4.28680398,-29.20621000
4.28713732,-11.21555000
4.28747067,0.50355540
4.28780401,34.10443000
4.28813736,49.33317000
4.28847070,58.39716000
4.28880404,77.19656000
4.28913739,81.51494000
4.28947073,72.43568000
4.28980408,73.00027000
4.29013742,88.06116000
4.29047076,82.38470000
4.29080411,74.51093000
4.29113745,81.05716000
4.29147080,77.77642000
4.29180414,53.43791000
4.29213748,36.91213000
4.29247083,29.75555000
4.29280417,3.09762900
4.29313752,-6.60725700
4.29347086,-15.03036000
4.29380420,-18.63155000
4.29413755,-37.98028000
4.29447089,-47.83776000
4.29480424,-27.87866000
4.29513758,-32.60902000
4.29547092,-29.89288000
4.29580427,-30.83895000
4.29613761,-25.13199000
4.29647096,-20.21851000
4.29680430,1.98370300
4.29713764,4.10473900
4.29747099,-2.62459200
4.29780433,15.76281000
4.29813768,38.77377000
4.29847102,54.09406000
4.29880436,63.92102000
4.29913771,71.01657000
4.29947105,80.76723000
4.29980440,67.72057000
4.30013774,73.29019000
4.30047108,71.77953000
4.30080443,79.18027000
4.30113777,66.24042000
4.30147112,61.78472000
4.30180446,41.33732000
4.30213780,21.85125000
4.30247115,6.62251600
4.30280449,-1.25125900
4.30313784,-17.67022000
4.30347118,-26.03229000
4.30380452,-40.95584000
4.30413787,-37.58354000
4.30447121,-44.57228000
4.30480456,-41.64250000
4.30513790,-62.53242000
4.30547124,-51.25583000
4.30580459,-55.45213000
4.30613793,-52.76650000
4.30647128,-49.92828000
4.30680462,-38.20917000
4.30713796,-20.69155000
4.30747131,-2.24311000
4.30780465,26.49006000
4.30813800,42.81747000
4.30847134,51.24057000
4.30880468,51.88146000
4.30913803,59.16013000
4.30947137,68.01050000
4.30980472,77.50175000
4.31013806,71.06235000
4.31047140,85.03982000
4.31080475,71.23020000
4.31113809,76.50990000
4.31147144,63.38694000
4.31180478,50.03510000
4.31213812,30.85421000
4.31247147,15.18296000
4.31280481,1.38859200
4.31313816,-9.79644100
4.31347150,-18.99777000
4.31380484,-21.27140000
4.31413819,-28.03125000
4.31447153,-45.50310000
4.31480488,-30.89999000
4.31513822,-50.34028000
4.31547156,-23.08725000
4.31580491,-29.84710000
4.31613825,-49.07376000
4.31647160,-33.72295000
4.31680494,-15.57970000
4.31713828,-8.46888600
4.31747163,10.54414000
4.31780497,24.41481000
4.31813832,30.64058000
4.31847166,47.97509000
4.31880500,61.23539000
4.31913835,75.91479000
4.31947169,80.33997000
4.31980504,68.46827000
4.32013838,75.76219000
4.32047172,68.07153000
4.32080507,79.14975000
4.32113841,79.01242000
4.32147176,65.52323000
4.32180510,41.62724000
4.32213844,24.96414000
4.32247179,9.91851500
4.32280513,5.49333100
4.32313848,-14.64888000
4.32347182,-16.87673000
4.32380516,-19.77599000
4.32413851,-27.83288000
4.32447185,-42.06976000
4.32480520,-48.28028000
4.32513854,-59.45005000
4.32547189,-53.40739000
4.32580523,-59.17539000
4.32613857,-57.32902000
4.32647192,-42.84798000
4.32680526,-39.33836000
4.32713861,-14.46577000
4.32747195,4.02844300
4.32780529,31.73925000
4.32813864,47.88354000
4.32847198,57.72576000
4.32880533,69.07864000
4.32913867,73.82426000
4.32947201,77.34916000
4.32980536,90.04486000
4.33013870,67.43064000
4.33047205,88.62575000
4.33080539,73.22916000
4.33113873,73.64116000
4.33147208,67.07968000
4.33180542,55.19272000
4.33213877,37.49199000
4.33247211,18.98251000
4.33280545,-0.71718490
4.33313880,-7.99584900
4.33347214,-14.99985000
4.33380549,-31.35777000
4.33413883,-27.57347000
4.33447217,-47.48680000
4.33480552,-38.25495000
4.33513886,-27.52769000
4.33547221,-45.74724000
4.33580555,-23.75866000
4.33613889,-28.62636000
4.33647224,-41.13895000
4.33680558,-13.65703000
4.33713893,1.52592500
4.33747227,16.93777000
4.33780561,30.32014000
4.33813896,29.38932000
4.33847230,54.49080000
4.33880565,59.58739000
4.33913899,75.99108000
4.33947233,70.37568000
4.33980568,72.43568000
4.34013902,90.10590000
4.34047237,63.37169000
4.34080571,68.45301000
4.34113905,68.02576000
4.34147240,68.59035000
4.34180574,53.48368000
4.34213909,33.11258000
4.34247243,23.52977000
4.34280577,0.93081450
4.34313912,-13.01614000
4.34347246,-27.84814000
4.34380581,-36.10339000
4.34413915,-39.20102000
4.34447249,-43.87035000
4.34480584,-46.90694000
4.34513918,-47.37998000
4.34547253,-56.36768000
4.34580587,-39.39939000
4.34613921,-47.97509000
4.34647256,-34.19599000
4.34680590,-38.69747000
4.34713925,-26.04755000
4.34747259,-6.50044200
4.34780593,20.18799000
4.34813928,45.19791000
4.34847262,49.74517000
4.34880597,72.00842000
4.34913931,70.68087000
4.34947265,67.85790000
4.34980600,87.42027000
4.35013934,73.10708000
4.35047269,79.51598000
4.35080603,61.66264000
4.35113937,66.72871000
4.35147272,59.28220000
4.35180606,50.93539000
4.35213941,40.94057000
4.35247275,23.57555000
4.35280609,7.04977500
4.35313944,-1.51066600
4.35347278,-10.78829000
4.35380613,-22.50740000
4.35413947,-18.05170000
4.35447281,-27.51244000
4.35480616,-31.78502000
4.35513950,-34.28754000
4.35547285,-25.72710000
4.35580619,-46.38813000
4.35613953,-28.42799000
4.35647288,-21.75970000
4.35680622,-12.13111000
4.35713957,-3.18918400
4.35747291,11.96325000
4.35780625,34.13495000
4.35813960,33.84502000
4.35847294,42.11554000
4.35880629,42.32917000
4.35913963,67.36961000
4.35947297,75.18234000
4.35980632,74.54145000
4.36013966,83.36130000
4.36047301,70.34516000
4.36080635,87.64915000
4.36113969,74.57197000
4.36147304,59.12961000
4.36180638,44.48072000
4.36213973,42.92428000
4.36247307,25.23881000
4.36280641,5.18814600
4.36313976,-6.11896100
4.36347310,-19.10459000
4.36380645,-35.38621000
4.36413979,-43.87035000
4.36447313,-39.46043000
4.36480648,-31.96814000
4.36513982,-46.34235000
4.36547317,-56.77968000
4.36580651,-48.41761000
4.36613985,-34.83688000
4.36647320,-33.34147000
4.36680654,-36.36280000
4.36713989,-18.90622000
4.36747323,-18.11273000
4.36780657,0.42725910
4.36813992,32.86843000
4.36847326,45.18265000
4.36880661,69.13968000
4.36913995,79.25657000
4.36947329,78.37153000
4.36980664,69.44486000
4.37013998,79.45493000
4.37047333,73.42753000
4.37080667,64.16516000
4.37114001,80.24842000
4.37147336,76.96767000
4.37180670,58.48872000
4.37214005,38.94162000
4.37247339,34.59273000
4.37280673,18.93673000
4.37314008,0.39674060
4.37347342,-8.71303500
4.37380677,-26.21540000
4.37414011,-31.44932000
4.37447345,-37.94976000
4.37480680,-31.49510000
4.37514014,-32.36488000
4.37547349,-40.16236000
4.37580683,-23.92651000
4.37614017,-19.88281000
4.37647352,-24.09436000
4.37680686,-17.82281000
4.37714021,-3.49436900
4.37747355,-2.12103600
4.37780689,13.07718000
4.37814024,27.40562000
4.37847358,57.71050000
4.37880693,64.94338000
4.37914027,80.81301000
4.37947361,79.92797000
4.37980696,71.52013000
4.38014030,82.76619000
4.38047365,68.98709000
4.38080699,78.96664000
4.38114033,75.53330000
4.38147368,70.23835000
4.38180702,58.59554000
4.38214037,42.87850000
4.38247371,27.08518000
4.38280705,10.11689000
4.38314040,-13.19925000
4.38347374,-20.06592000
4.38380709,-37.11050000
4.38414043,-46.67805000
4.38447377,-43.50413000
4.38480712,-46.84591000
4.38514046,-46.20502000
4.38547381,-59.11435000
4.38580715,-39.24680000
4.38614050,-51.11850000
4.38647384,-41.13895000
4.38680718,-47.92932000
4.38714053,-28.38221000
4.38747387,-1.89214700
4.38780722,24.36903000
4.38814056,48.61598000
4.38847390,56.04724000
4.38880725,65.82842000
4.38914059,63.37169000
4.38947394,62.95968000
4.38980728,68.08679000
4.39014062,73.35123000
4.39047397,76.99819000
4.39080731,67.96471000
4.39114066,72.23730000
4.39147400,75.82323000
4.39180734,55.22324000
4.39214069,44.25183000
4.39247403,23.60607000
4.39280738,1.87688800
4.39314072,-13.36711000
4.39347406,-19.53185000
4.39380741,-30.39643000
4.39414075,-34.02814000
4.39447410,-42.87850000
4.39480744,-34.31806000
4.39514078,-36.86636000
4.39547413,-42.42073000
4.39580747,-23.43821000
4.39614082,-32.53273000
4.39647416,-38.98739000
4.39680750,-17.63970000
4.39714085,1.80059200
4.39747419,4.97451700
4.39780754,15.76281000
4.39814088,30.27436000
4.39847422,47.22739000
4.39880757,60.36560000
4.39914091,86.39790000
4.39947426,84.29211000
4.39980760,68.17834000
4.40014094,76.73878000
4.40047429,75.18234000
4.40080763,77.30338000
4.40114098,80.29420000
4.40147432,60.76235000
4.40180766,62.45613000
4.40214101,49.34843000
4.40247435,28.09229000
4.40280770,11.78014000
4.40314104,-2.39570300
4.40347438,-8.07214500
4.40380773,-36.40858000
4.40414107,-38.25495000
4.40447442,-34.68428000
4.40480776,-45.89983000
4.40514110,-52.47657000
4.40547445,-44.90799000
4.40580779,-64.33302000
4.40614114,-48.63124000
4.40647448,-40.48280000
4.40680782,-51.01168000
4.40714117,-45.22843000
4.40747451,-20.12696000
4.40780786,9.94903400
4.40814120,30.65584000
4.40847454,33.93658000
4.40880789,55.61998000
4.40914123,58.74813000
4.40947458,72.69508000
4.40980792,70.07050000
4.41014126,69.01761000
4.41047461,77.18130000
4.41080795,75.01449000
4.41114130,72.23730000
4.41147464,72.02368000
4.41180798,54.42976000
4.41214133,37.49199000
4.41247467,26.76473000
4.41280802,7.82799700
4.41314136,2.99081400
4.41347470,-11.13926000
4.41380805,-20.99673000
4.41414139,-29.87762000
4.41447474,-34.04340000
4.41480808,-39.93347000
4.41514142,-36.01184000
4.41547477,-33.72295000
4.41580811,-36.11865000
4.41614146,-36.10339000
4.41647480,-15.30503000
4.41680814,-4.02844300
4.41714149,11.52074000
4.41747483,22.93466000
4.41780818,36.94265000
4.41814152,41.26102000
4.41847486,58.64131000
4.41880821,59.11435000
4.41914155,73.82426000
4.41947490,66.59138000
4.41980824,72.83241000
4.42014158,77.50175000
4.42047493,81.88115000
4.42080827,62.39509000
4.42114162,83.63597000
4.42147496,70.42146000
4.42180830,56.44398000
4.42214165,47.25791000
4.42247499,38.28547000
4.42280834,11.36814000
4.42314168,-2.02948100
4.42347502,-14.46577000
4.42380837,-25.60503000
4.42414171,-36.39332000
4.42447506,-45.76250000
4.42480840,-39.32310000
4.42514174,-58.83968000
4.42547509,-64.04308000
4.42580843,-55.17746000
4.42614178,-57.54264000
4.42647512,-53.65154000
4.42680846,-44.11450000
4.42714181,-37.64458000
4.42747515,-18.89096000
4.42780850,7.50755300
4.42814184,27.75658000
4.42847518,44.98428000
4.42880853,57.14590000
4.42914187,68.20886000
4.42947522,71.41331000
4.42980856,72.75612000
4.43014190,81.39286000
4.43047525,62.74605000
4.43080859,73.48856000
4.43114194,68.51405000
4.43147528,61.84576000
4.43180862,61.90679000
4.43214197,51.33213000
4.43247531,21.65288000
4.43280866,12.90933000
4.43314200,5.50859100
4.43347534,-7.55333000
4.43380869,-17.13614000
4.43414203,-33.86028000
4.43447538,-25.55925000
4.43480872,-45.88457000
4.43514206,-22.09540000
4.43547541,-36.88161000
4.43580875,-30.65584000
4.43614210,-36.80532000
4.43647544,-24.84207000
4.43680878,-5.09659100
4.43714213,3.57066500
4.43747547,14.55733000
4.43780882,23.77392000
4.43814216,43.76354000
4.43847550,66.98812000
4.43880885,68.86501000
4.43914219,77.27286000
4.43947554,70.89449000
4.43980888,63.43272000
4.44014222,75.10605000
4.44047557,61.99835000
4.44080891,70.55879000
4.44114226,69.15494000
4.44147560,67.14072000
4.44180894,47.36472000
4.44214229,42.00872000
4.44247563,30.85421000
4.44280898,14.23688000
4.44314232,8.72829300
4.44347566,-18.05170000
4.44380901,-17.25822000
4.44414235,-33.61613000
4.44447570,-29.57243000
4.44480904,-45.28947000
4.44514238,-64.24146000
4.44547573,-47.66991000
4.44580907,-66.56087000
4.44614242,-47.86828000
4.44647576,-26.70370000
4.44680910,-51.30161000
4.44714245,-48.58546000
4.44747579,-26.00177000
4.44780914,8.57570100
4.44814248,21.24088000
4.44847583,32.33436000
4.44880917,36.16443000
4.44914251,50.70650000
4.44947586,62.47139000
4.44980920,82.27789000
4.45014255,73.39701000
4.45047589,75.56383000
4.45080923,63.98205000
4.45114258,75.12131000
4.45147592,75.38071000
4.45180927,70.52827000
4.45214261,49.97406000
4.45247595,35.69139000
4.45280930,23.40770000
4.45314264,2.21259200
4.45347599,-5.29496100
4.45380933,-19.28770000
4.45414267,-29.20621000
4.45447602,-26.62740000
4.45480936,-38.66695000
4.45514271,-35.58458000
4.45547605,-41.59673000
4.45580939,-41.32206000
4.45614274,-26.45955000
4.45647608,-19.40977000
4.45680943,-19.33348000
4.45714277,-14.28266000
4.45747611,-5.66118300
4.45780946,11.88696000
4.45814280,31.52562000
4.45847615,50.52339000
4.45880949,60.99124000
4.45914283,66.40827000
4.45947618,70.74191000
4.45980952,71.73376000
4.46014287,67.78161000
4.46047621,76.67775000
4.46080955,68.26991000
4.46114290,87.16086000
4.46147624,72.66457000
4.46180959,61.63213000
4.46214293,36.59169000
4.46247627,29.99969000
4.46280962,17.44133000
4.46314296,13.50444000
4.46347631,-11.97851000
4.46380965,-19.50133000
4.46414299,-30.09125000
4.46447634,-34.33332000
4.46480968,-47.94458000
4.46514303,-66.82027000
4.46547637,-46.44917000
4.46580971,-54.33820000
4.46614306,-46.17450000
4.46647640,-43.38206000
4.46680975,-46.70858000
4.46714309,-48.66176000
4.46747643,-27.13095000
4.46780978,-13.55022000
4.46814312,18.82992000
4.46847647,26.99362000
4.46880981,38.56013000
4.46914315,47.63939000
4.46947650,60.30457000
4.46980984,79.56175000
4.47014319,75.86901000
4.47047653,76.89138000
4.47080987,82.33893000
4.47114322,88.33582000
4.47147656,70.58931000
4.47180991,56.53553000
4.47214325,49.48576000
4.47247659,34.42488000
4.47280994,24.91836000
4.47314328,9.15555200
4.47347663,3.08236900
4.47380997,-12.26844000
4.47414331,-24.46058000
4.47447666,-29.86236000
4.47481000,-42.11554000
4.47514335,-49.11954000
4.47547669,-22.98043000
4.47581003,-48.82961000
4.47614338,-33.53984000
4.47647672,-19.54710000
4.47681007,-25.83392000
4.47714341,-7.56859000
4.47747675,7.23288600
4.47781010,20.24903000
4.47814344,37.46147000
4.47847679,45.13688000
4.47881013,58.30561000
4.47914347,70.98605000
4.47947682,64.76027000
4.47981016,68.59035000
4.48014351,79.47020000
4.48047685,69.79583000
4.48081019,86.36738000
4.48114354,70.86398000
4.48147688,65.06545000
4.48181023,56.32190000
4.48214357,33.63140000
4.48247691,24.39955000
4.48281026,16.12903000
4.48314360,-8.42310800
4.48347695,-21.46977000
4.48381029,-35.79821000
4.48414363,-35.72192000
4.48447698,-40.25391000
4.48481032,-46.20502000
4.48514367,-45.48784000
4.48547701,-63.00546000
4.48581035,-43.41258000
4.48614370,-56.87124000
4.48647704,-54.76546000
4.48681039,-38.19391000
4.48714373,-17.15140000
4.48747707,-17.91437000
4.48781042,7.82799700
4.48814376,28.68740000
4.48847711,40.02502000
4.48881045,48.96695000
4.48914379,69.15494000
4.48947714,75.02975000
4.48981048,74.17523000
4.49014383,58.77865000
4.49047717,78.61568000
4.49081051,65.49271000
4.49114386,71.30650000
4.49147720,77.92901000
4.49181055,67.23227000
4.49214389,54.84176000
4.49247723,35.96606000
4.49281058,23.77392000
4.49314392,7.87377500
4.49347727,-9.84221800
4.49381061,-17.36503000
4.49414395,-26.64266000
4.49447730,-37.78191000
4.49481064,-36.43909000
4.49514399,-42.00872000
4.49547733,-37.00369000
4.49581067,-38.45332000
4.49614402,-33.86028000
4.49647736,-30.06073000
4.49681071,-37.36991000
4.49714405,-34.24176000
4.49747739,-17.85333000
4.49781074,11.00192000
4.49814408,35.52354000
4.49847743,40.00977000
4.49881077,59.37376000
4.49914411,64.98916000
4.49947746,63.87524000
4.49981080,59.48057000
4.50014415,73.30545000
4.50047749,73.93108000
4.50081083,72.51197000
4.50114418,64.66872000
4.50147752,62.86813000
4.50181087,58.97702000
4.50214421,51.53050000
4.50247755,36.11865000
4.50281090,7.35496000
4.50314424,4.62355400
4.50347759,-21.07303000
4.50381093,-27.78710000
4.50414427,-38.17865000
4.50447762,-36.30176000
4.50481096,-37.61406000
4.50514431,-52.46132000
4.50547765,-56.68813000
4.50581099,-34.53169000
4.50614434,-53.39213000
4.50647768,-58.50398000
4.50681103,-43.71776000
4.50714437,-32.07495000
4.50747771,-20.43214000
4.50781106,-14.19111000
4.50814440,2.73140600
4.50847775,30.83895000
4.50881109,40.40651000
4.50914444,50.63020000
4.50947778,62.05938000
4.50981112,80.70620000
4.51014447,77.44071000
4.51047781,58.87020000
4.51081116,84.94827000
4.51114450,70.14679000
4.51147784,70.14679000
4.51181119,65.55375000
4.51214453,51.16428000
4.51247788,39.75036000
4.51281122,18.52473000
4.51314456,2.18207300
4.51347791,-6.11896100
4.51381125,-18.38740000
4.51414460,-30.38117000
4.51447794,-35.76769000
4.51481128,-39.87243000
4.51514463,-37.07999000
4.51547797,-36.08813000
4.51581132,-40.83376000
4.51614466,-34.48591000
4.51647800,-44.81643000
4.51681135,-40.23866000
4.51714469,-19.92859000
4.51747804,-12.49733000
4.51781138,-1.28177700
4.51814472,20.24903000
4.51847807,32.56325000
4.51881141,46.73909000
4.51914476,58.48872000
4.51947810,56.33717000
4.51981144,63.72264000
4.52014479,74.70930000
4.52047813,70.77242000
4.52081148,71.64220000
4.52114482,61.60161000
4.52147816,70.81820000
4.52181151,70.97079000
4.52214485,58.58028000
4.52247820,31.57140000
4.52281154,18.21955000
4.52314488,-8.11792300
4.52347823,-20.90518000
4.52381157,-30.25910000
4.52414492,-32.94473000
4.52447826,-29.99969000
4.52481160,-31.28147000
4.52514495,-44.32813000
4.52547829,-53.30058000
4.52581164,-49.89776000
4.52614498,-46.00665000
4.52647832,-57.52739000
4.52681167,-49.47050000
4.52714501,-44.02295000
4.52747836,-36.95791000
4.52781170,-18.81466000
4.52814504,-4.21155400
4.52847839,25.05569000
4.52881173,48.12769000
4.52914508,52.00354000
4.52947842,63.24961000
4.52981176,79.85168000
4.53014511,78.24945000
4.53047845,60.70131000
4.53081180,75.80797000
4.53114514,68.19360000
4.53147848,70.19257000
4.53181183,65.09598000
4.53214517,53.48368000
4.53247852,35.14206000
4.53281186,20.58473000
4.53314520,2.04474000
4.53347855,-3.47911000
4.53381189,-16.03748000
4.53414524,-28.32117000
4.53447858,-41.41361000
4.53481192,-44.61806000
4.53514527,-33.53984000
4.53547861,-37.09525000
4.53581196,-40.26917000
4.53614530,-39.87243000
4.53647864,-28.76369000
4.53681199,-15.93066000
4.53714533,-15.54918000
4.53747868,1.38859200
4.53781202,16.86147000
4.53814536,30.09125000
4.53847871,53.43791000
4.53881205,61.09805000
4.53914540,66.66768000
4.53947874,81.34708000
4.53981208,73.90057000
4.54014543,59.58739000
4.54047877,78.72249000
4.54081212,66.78976000
4.54114546,78.08160000
4.54147880,82.17108000
4.54181215,62.54768000
4.54214549,39.30784000
4.54247884,27.40562000
4.54281218,19.57762000
4.54314552,0.07629627
4.54347887,-6.08844200
4.54381221,-15.09140000
4.54414556,-23.04147000
4.54447890,-40.87954000
4.54481224,-48.17347000
4.54514559,-55.86413000
4.54547893,-49.16532000
4.54581228,-65.23331000
4.54614562,-52.99539000
4.54647896,-58.88546000
4.54681231,-55.39109000
4.54714565,-40.84902000
4.54747900,-33.75347000
4.54781234,-26.26118000
4.54814568,6.04266500
4.54847903,14.67940000
4.54881237,35.06577000
4.54914572,50.93539000
4.54947906,59.92309000
4.54981240,68.39198000
4.55014575,77.60857000
4.55047909,73.53434000
4.55081244,84.85671000
4.55114578,70.89449000
4.55147912,70.25361000
4.55181247,75.16708000
4.55214581,61.87627000
4.55247916,32.53273000
4.55281250,26.35273000
4.55314584,10.69674000
4.55347919,-6.54622000
4.55381253,-20.26429000
4.55414588,-26.56636000
4.55447922,-32.34962000
4.55481256,-40.46754000
4.55514591,-41.19999000
4.55547925,-54.24665000
4.55581260,-36.19495000
4.55614594,-43.87035000
4.55647928,-43.27524000
4.55681263,-16.02221000
4.55714597,-5.52385000
4.55747932,6.57673800
4.55781266,22.38533000
4.55814600,37.69036000
4.55847935,39.85717000
4.55881269,44.60280000
4.55914604,56.73391000
4.55947938,71.84057000
4.55981272,73.80901000
4.56014607,66.43879000
4.56047941,71.65746000
4.56081276,68.86501000
4.56114610,73.13760000
4.56147944,62.30353000
4.56181279,50.32502000
4.56214613,53.39213000
4.56247948,36.37806000
4.56281282,24.53688000
4.56314616,4.01318400
4.56347951,-4.83718300
4.56381285,-26.61214000
4.56414620,-43.35154000
4.56447954,-43.82458000
4.56481288,-46.70858000
4.56514623,-48.02087000
4.56547957,-48.57021000
4.56581292,-60.79287000
4.56614626,-47.10532000
4.56647960,-36.04236000
4.56681295,-37.79717000
4.56714629,-32.22754000
4.56747964,-31.64769000
4.56781298,-7.53807100
4.56814632,25.20829000
4.56847967,51.86620000
4.56881301,62.02887000
4.56914636,70.23835000
4.56947970,61.35746000
4.56981305,67.12546000
4.57014639,66.39301000
4.57047973,79.21078000
4.57081308,61.83049000
4.57114642,68.60561000
4.57147977,62.94442000
4.57181311,68.08679000
4.57214645,57.90887000
4.57247980,50.70650000
4.57281314,38.05658000
4.57314649,14.20637000
4.57347983,2.92977700
4.57381317,-5.21866500
4.57414652,-24.09436000
4.57447986,-22.11066000
4.57481321,-34.60799000
4.57514655,-50.72176000
4.57547989,-34.53169000
4.57581324,-39.06369000
4.57614658,-34.51643000
4.57647993,-38.59065000
4.57681327,-27.39036000
4.57714661,-10.19318000
4.57747996,8.56044100
4.57781330,9.62859000
4.57814665,18.11273000
4.57847999,36.01184000
4.57881333,43.29050000
4.57914668,61.47953000
4.57948002,73.64116000
4.57981337,83.88012000
4.58014671,75.60960000
4.58048005,67.97997000
4.58081340,80.52309000
4.58114674,63.50901000
4.58148009,68.78872000
4.58181343,71.55064000
4.58214677,46.35761000
4.58248012,40.60488000
4.58281346,31.28147000
4.58314681,11.30711000
4.58348015,-7.24814600
4.58381349,-19.91333000
4.58414684,-19.74548000
4.58448018,-34.44014000
4.58481353,-44.89273000
4.58514687,-48.76858000
4.58548021,-66.02679000
4.58581356,-46.63228000
4.58614690,-63.53953000
4.58648025,-63.53953000
4.58681359,-38.89584000
4.58714693,-30.19806000
4.58748028,-22.55318000
4.58781362,-0.82399970
4.58814697,22.88888000
4.58848031,39.82665000
4.58881365,39.55199000
4.58914700,59.11435000
4.58948034,70.19257000
4.58981369,77.79168000
4.59014703,65.79790000
4.59048037,79.14975000
4.59081372,63.55479000
4.59114706,82.82722000
4.59148041,60.28931000
4.59181375,60.91494000
4.59214709,55.57420000
4.59248044,48.73806000
4.59281378,24.41481000
4.59314713,10.57466000
4.59348047,-2.31940700
4.59381381,-26.01703000
4.59414716,-29.22147000
4.59448050,-28.24488000
4.59481385,-32.28858000
4.59514719,-36.37806000
4.59548053,-38.98739000
4.59581388,-32.62428000
4.59614722,-46.06768000
4.59648057,-18.72310000
4.59681391,-22.93466000
4.59714725,-23.04147000
4.59748060,-16.64785000
4.59781394,3.87585000
4.59814729,17.09036000
4.59848063,36.14917000
4.59881397,55.83361000
4.59914732,65.35538000
4.59948066,69.33805000
4.59981401,56.36768000
4.60014735,74.51093000
4.60048069,69.50591000
4.60081404,68.55983000
4.60114738,79.40916000
4.60148073,75.45701000
4.60181407,63.32590000
4.60214741,48.75331000
4.60248076,39.97925000
4.60281410,25.40666000
4.60314745,11.73437000
4.60348079,4.91348000
4.60381413,-15.38133000
4.60414748,-29.22147000
4.60448082,-33.28043000
4.60481417,-35.98132000
4.60514751,-48.98220000
4.60548085,-48.41761000
4.60581420,-48.38709000
4.60614754,-62.77657000
4.60648089,-62.50190000
4.60681423,-40.39125000
4.60714757,-26.12384000
4.60748092,-27.37510000
4.60781426,-5.46281300
4.60814761,11.71911000
4.60848095,39.04843000
4.60881429,56.03198000
4.60914764,65.64531000
4.60948098,68.59035000
4.60981433,67.06442000
4.61014767,60.76235000
4.61048101,81.01138000
4.61081436,56.50502000
4.61114770,71.93213000
4.61148105,70.17731000
4.61181439,71.41331000
4.61214773,58.83968000
4.61248108,50.24873000
4.61281442,23.46873000
4.61314777,17.09036000
4.61348111,-5.41703500
4.61381445,-9.87273800
4.61414780,-19.54710000
4.61448114,-31.76977000
4.61481449,-41.53569000
4.61514783,-51.31687000
4.61548117,-33.44828000
4.61581452,-33.15836000
4.61614786,-43.48887000
4.61648121,-44.51125000
4.61681455,-31.87658000
4.61714789,-19.97436000
4.61748124,-11.01718000
4.61781458,13.61125000
4.61814793,37.47673000
4.61848127,44.66384000
4.61881461,58.07672000
4.61914796,65.82842000
4.61948130,67.53746000
4.61981465,60.27405000
4.62014799,73.12234000
4.62048133,82.01849000
4.62081468,66.77450000
4.62114802,73.38175000
4.62148137,77.24234000
4.62181471,61.34220000
4.62214805,52.52235000
4.62248140,38.30073000
4.62281474,20.12696000
4.62314809,15.28977000
4.62348143,5.85955300
4.62381477,-7.78221900
4.62414812,-30.50325000
4.62448146,-30.54902000
4.62481481,-35.34044000
4.62514815,-35.87451000
4.62548149,-63.43272000
4.62581484,-45.12162000
4.62614818,-47.86828000
4.62648153,-41.67302000
4.62681487,-38.80428000
4.62714821,-47.30369000
4.62748156,-39.35361000
4.62781490,-16.81570000
4.62814825,-1.52592500
4.62848159,12.55837000
4.62881493,30.22858000
4.62914828,54.62813000
4.62948162,62.91391000
4.62981497,82.67464000
4.63014831,73.74797000
4.63048165,66.54561000
4.63081500,75.65538000
4.63114834,72.22205000
4.63148169,66.59138000
4.63181503,75.51804000
4.63214838,67.03391000
4.63248172,51.21006000
4.63281506,24.67421000
4.63314841,17.60918000
4.63348175,-2.41096200
4.63381510,-19.98962000
4.63414844,-26.84103000
4.63448178,-36.63747000
4.63481513,-32.13599000
4.63514847,-45.35051000
4.63548182,-39.93347000
4.63581516,-39.68932000
4.63614850,-35.82873000
4.63648185,-38.45332000
4.63681519,-25.83392000
4.63714854,-11.94800000
4.63748188,0.32044430
4.63781522,10.04059000
4.63814857,18.87570000
4.63848191,37.56828000
4.63881526,52.30872000
4.63914860,60.15198000
4.63948194,65.44694000
4.63981529,71.58116000
4.64014863,83.30026000
4.64048198,73.51908000
4.64081532,90.13641000
4.64114866,66.48457000
4.64148201,80.06531000
4.64181535,73.35123000
4.64214870,63.66161000
4.64248204,40.84902000
4.64281538,34.88266000
4.64314873,15.24399000
4.64348207,-0.38148130
4.64381542,-18.81466000
4.64414876,-23.59081000
4.64448210,-41.42887000
4.64481545,-51.82042000
4.64514879,-38.05658000
4.64548214,-42.51228000
4.64581548,-68.55983000
4.64614882,-45.59465000
4.64648217,-47.33421000
4.64681551,-38.46858000
4.64714886,-25.26932000
4.64748220,-19.80651000
4.64781554,-4.60829400
4.64814889,12.84829000
4.64848223,34.04340000
4.64881558,52.61391000
4.64914892,67.52220000
4.64948226,69.97894000
4.64981561,76.64723000
4.65014895,75.88427000
4.65048230,70.66560000
4.65081564,73.83952000
4.65114898,72.40516000
4.65148233,92.12011000
4.65181567,73.77849000
4.65214902,67.87316000
4.65248236,44.16028000
4.65281570,37.43095000
4.65314905,27.68029000
4.65348239,5.00503500
4.65381574,-7.20236800
4.65414908,-16.83096000
4.65448242,-17.38029000
4.65481577,-29.84710000
4.65514911,-34.79110000
4.65548246,-36.42384000
4.65581580,-42.20710000
4.65614914,-28.53481000
4.65648249,-28.56532000
4.65681583,-26.35273000
4.65714918,-5.02029500
4.65748252,2.07525800
4.65781586,20.37111000
4.65814921,32.65480000
4.65848255,37.06473000
4.65881590,50.52339000
4.65914924,57.32902000
4.65948258,60.42664000
4.65981593,54.47554000
4.66014927,76.98293000
4.66048262,69.50591000
4.66081596,77.63908000
4.66114930,64.10413000
4.66148265,73.01553000
4.66181599,72.55775000
4.66214934,63.72264000
4.66248268,49.33317000
4.66281602,29.54192000
4.66314937,11.87170000
4.66348271,-2.25836900
4.66381606,-14.66414000
4.66414940,-26.59688000
4.66448274,-39.18576000
4.66481609,-41.23050000
4.66514943,-48.63124000
4.66548278,-51.54576000
4.66581612,-42.32917000
4.66614946,-58.16827000
4.66648281,-47.68517000
4.66681615,-36.82058000
4.66714950,-43.03109000
4.66748284,-43.80932000
4.66781618,-31.95288000
4.66814953,3.78429500
4.66848287,25.69658000
4.66881622,36.48487000
4.66914956,42.42073000
4.66948290,57.40531000
4.66981625,82.07952000
4.67014959,86.13849000
4.67048294,73.29019000
4.67081628,93.11196000
4.67114962,75.06026000
4.67148297,66.69820000
4.67181631,78.78353000
4.67214966,71.38279000
4.67248300,54.18561000
4.67281634,33.72295000
4.67314969,20.47792000
4.67348303,-7.75170100
4.67381638,-18.35688000
4.67414972,-27.90917000
4.67448306,-26.61214000
4.67481641,-38.69747000
4.67514975,-32.44117000
4.67548310,-34.79110000
4.67581644,-27.52769000
4.67614978,-36.98843000
4.67648313,-36.21021000
4.67681647,-18.98251000
4.67714982,-17.56340000
4.67748316,-6.46992300
4.67781650,-3.32651700
4.67814985,20.06592000
4.67848319,35.41673000
4.67881654,43.51939000
4.67914988,47.05954000
4.67948322,47.31895000
4.67981657,73.03078000
4.68014991,77.15079000
4.68048326,70.16205000
4.68081660,82.09478000
4.68114994,70.89449000
4.68148329,67.79687000
4.68181663,77.53227000
4.68214998,65.05019000
4.68248332,54.24665000
4.68281666,42.89376000
4.68315001,22.67525000
4.68348335,5.73747900
4.68381670,-7.87377500
4.68415004,-23.59081000
4.68448338,-33.08206000
4.68481673,-33.63140000
4.68515007,-36.07288000
4.68548342,-54.50605000
4.68581676,-62.16620000
4.68615010,-47.92932000
4.68648345,-58.51924000
4.68681679,-50.40132000
4.68715014,-31.93762000
4.68748348,-24.75051000
4.68781682,-6.75985000
4.68815017,14.57259000
4.68848351,42.51228000
4.68881686,60.74709000
4.68915020,66.17938000
4.68948354,71.82531000
4.68981689,71.82531000
4.69015023,70.28413000
4.69048358,73.88531000
4.69081692,65.23331000
4.69115026,87.06931000
4.69148361,67.81213000
4.69181695,78.38679000
4.69215030,67.12546000
4.69248364,51.63731000
4.69281699,35.06577000
4.69315033,19.51659000
4.69348367,-0.85451820
4.69381702,-8.78933000
4.69415036,-22.56844000
4.69448371,-26.36799000
4.69481705,-26.44429000
4.69515039,-37.06473000
4.69548374,-38.85006000
4.69581708,-32.91421000
4.69615043,-26.91732000
4.69648377,-36.91213000
4.69681711,-18.72310000
4.69715046,-12.77199000
4.69748380,-3.20444300
4.69781715,14.67940000
4.69815049,20.85940000
4.69848383,30.15228000
4.69881718,43.50413000
4.69915052,50.32502000
4.69948387,64.51612000
4.69981721,58.42768000
4.70015055,70.66560000
4.70048390,79.18027000
4.70081724,69.49065000
4.70115059,85.37553000
4.70148393,84.04797000
4.70181727,72.37463000
4.70215062,60.28931000
4.70248396,56.15405000
4.70281731,38.23969000
4.70315065,20.64577000
4.70348399,-5.31022000
4.70381734,-10.58992000
4.70415068,-26.49006000
4.70448403,-27.57347000
4.70481737,-36.28650000
4.70515071,-47.95984000
4.70548406,-54.96383000
4.70581740,-53.65154000
4.70615075,-56.09302000
4.70648409,-44.55702000
4.70681743,-55.39109000
4.70715078,-51.97302000
4.70748412,-40.43702000
4.70781747,-34.82162000
4.70815081,-7.33970100
4.70848415,14.09955000
4.70881750,34.37910000
4.70915084,50.05035000
4.70948419,59.67894000
4.70981753,76.20471000
4.71015087,78.06635000
4.71048422,74.80086000
4.71081756,92.86781000
4.71115091,76.31153000
4.71148425,85.69597000
4.71181759,75.07553000
4.71215094,67.58324000
4.71248428,64.39405000
4.71281763,53.94146000
4.71315097,24.65895000
4.71348431,11.13926000
4.71381766,4.34888700
4.71415100,-7.64488600
4.71448435,-22.01910000
4.71481769,-26.10858000
4.71515103,-25.60503000
4.71548438,-34.59273000
4.71581772,-39.44517000
4.71615107,-25.37614000
4.71648441,-41.01687000
4.71681775,-31.73925000
4.71715110,-26.42903000
4.71748444,-7.04977500
4.71781779,13.07718000
4.71815113,21.75970000
4.71848447,32.33436000
4.71881782,48.09717000
4.71915116,69.13968000
4.71948451,79.18027000
4.71981785,76.67775000
4.72015119,64.66872000
4.72048454,73.54960000
4.72081788,75.57909000
4.72115123,89.99908000
4.72148457,69.09390000
4.72181791,65.46220000
4.72215126,63.82946000
4.72248460,46.52546000
4.72281795,35.21836000
4.72315129,25.42192000
4.72348463,9.46073700
4.72381798,-12.42103000
4.72415132,-17.38029000
4.72448467,-38.30073000
4.72481801,-40.57436000
4.72515135,-37.38517000
4.72548470,-43.88562000
4.72581804,-37.69036000
4.72615139,-64.83657000
4.72648473,-40.71169000
4.72681807,-37.00369000
4.72715142,-35.43199000
4.72748476,-49.01273000
4.72781811,-37.32413000
4.72815145,-13.90118000
4.72848479,12.19214000
4.72881814,28.70266000
4.72915148,49.21109000
4.72948483,48.75331000
4.72981817,68.02576000
4.73015151,69.62798000
4.73048486,69.85686000
4.73081820,85.87908000
4.73115155,81.82011000
4.73148489,80.84353000
4.73181823,70.05524000
4.73215158,68.98709000
4.73248492,59.83154000
4.73281827,35.90503000
4.73315161,20.61525000
4.73348495,7.46177500
4.73381830,1.55644400
4.73415164,-11.50548000
4.73448499,-14.58785000
4.73481833,-28.13806000
4.73515167,-43.22947000
4.73548502,-43.42784000
4.73581836,-34.10443000
4.73615171,-43.77880000
4.73648505,-26.44429000
4.73681839,-32.25806000
4.73715174,-23.98755000
4.73748508,-5.67644300
4.73781843,-0.09155552
4.73815177,3.67748000
4.73848511,30.67110000
4.73881846,36.10339000
4.73915180,49.79095000
4.73948515,61.00650000
4.73981849,77.83746000
4.74015183,79.18027000
4.74048518,75.53330000
4.74081852,85.83331000
4.74115187,70.86398000
4.74148521,87.72545000
4.74181855,68.57509000
4.74215190,67.70531000
4.74248524,51.91198000
4.74281859,37.98028000
4.74315193,22.56844000
4.74348527,10.11689000
4.74381862,-11.71911000
4.74415196,-21.25614000
4.74448531,-19.59288000
4.74481865,-27.92443000
4.74515199,-44.32813000
4.74548534,-40.55910000
4.74581868,-62.39509000
4.74615203,-41.21524000
4.74648537,-61.95257000
4.74681871,-47.45628000
4.74715206,-28.65688000
4.74748540,-37.35465000
4.74781875,-22.75155000
4.74815209,-8.86562600
4.74848543,9.52177400
4.74881878,38.25495000
4.74915212,61.75420000
4.74948547,53.88042000
4.74981881,56.03198000
4.75015215,68.20886000
4.75048550,86.96249000
4.75081884,70.66560000
4.75115219,92.60841000
4.75148553,74.31256000
4.75181887,77.97478000
4.75215222,77.10501000
4.75248556,55.08591000
4.75281891,45.53362000
4.75315225,23.27036000
4.75348559,14.32844000
4.75381894,-10.20844000
4.75415228,-18.70784000
4.75448563,-25.05569000
4.75481897,-41.23050000
4.75515232,-42.72591000
4.75548566,-31.15940000
4.75581900,-37.64458000
4.75615235,-32.67006000
4.75648569,-29.78606000
4.75681904,-20.53895000
4.75715238,-19.22666000
4.75748572,-12.03955000
4.75781907,-0.73244420
4.75815241,-4.77614600
4.75848576,20.84414000
4.75881910,37.01895000
4.75915244,50.79805000
4.75948579,62.53242000
4.75981913,68.08679000
4.76015248,79.62279000
4.76048582,83.20871000
4.76081916,77.85271000
4.76115251,90.54842000
4.76148585,74.99923000
4.76181920,77.65434000
4.76215254,71.55064000
4.76248588,59.00753000
4.76281923,46.38813000
4.76315257,34.66903000
4.76348592,12.86355000
4.76381926,-1.44962900
4.76415260,-8.04162700
4.76448595,-23.95703000
4.76481929,-27.05466000
4.76515264,-32.73110000
4.76548598,-41.06265000
4.76581932,-60.36560000
4.76615267,-39.53673000
4.76648601,-54.29243000
4.76681936,-61.11331000
4.76715270,-28.62636000
4.76748604,-28.50429000
4.76781939,-16.17481000
4.76815273,-10.89511000
4.76848608,19.50133000
4.76881942,39.75036000
4.76915276,53.68206000
4.76948611,68.51405000
4.76981945,77.86797000
4.77015280,77.53227000
4.77048614,73.80901000
4.77081948,87.32871000
4.77115283,72.42042000
4.77148617,81.63701000
4.77181952,78.75301000
4.77215286,68.66664000
4.77248620,48.86013000
4.77281955,40.72695000
4.77315289,27.58873000
4.77348624,12.64992000
4.77381958,0.04577776
4.77415292,-2.09051800
4.77448627,-25.81866000
4.77481961,-30.96103000
4.77515296,-31.80028000
4.77548630,-37.99554000
4.77581964,-27.97021000
4.77615299,-39.42991000
4.77648633,-23.59081000
4.77681968,-29.96918000
4.77715302,-32.95999000
4.77748636,-17.53288000
4.77781971,-17.30400000
4.77815305,-4.53199800
4.77848640,13.19925000
4.77881974,31.95288000
4.77915308,47.57835000
4.77948643,59.61790000
4.77981977,58.87020000
4.78015312,58.47346000
4.78048646,79.16501000
4.78081980,84.99404000
4.78115315,72.54249000
4.78148649,75.88427000
4.78181984,83.10189000
4.78215318,76.35731000
4.78248652,59.95361000
4.78281987,47.22739000
4.78315321,27.39036000
4.78348656,21.69866000
4.78381990,5.78325700
4.78415324,-12.31422000
4.78448659,-28.01599000
4.78481993,-37.46147000
4.78515328,-41.94769000
4.78548662,-41.67302000
4.78581996,-47.02902000
4.78615331,-47.02902000
4.78648665,-38.46858000
4.78682000,-64.94338000
4.78715334,-48.66176000
4.78748668,-43.62621000
4.78782003,-43.29050000
4.78815337,-21.79021000
4.78848672,1.92266600
4.78882006,24.44532000
4.78915340,45.67095000
4.78948675,60.60975000
4.78982009,62.79183000
4.79015344,70.32990000
4.79048678,77.66960000
4.79082012,68.94131000
4.79115347,69.30753000
4.79148681,71.07761000
4.79182016,80.15686000
4.79215350,81.36234000
4.79248684,65.99627000
4.79282019,55.94042000
4.79315353,41.13895000
4.79348688,27.51244000
4.79382022,10.51363000
4.79415356,-3.61644300
4.79448691,-13.61125000
4.79482025,-21.45451000
4.79515360,-31.37303000
4.79548694,-34.39436000
4.79582028,-37.79717000
4.79615363,-25.97125000
4.79648697,-34.62325000
4.79682032,-42.80221000
4.79715366,-30.94577000
4.79748700,-10.01007000
4.79782035,0.85451820
4.79815369,8.89614600
4.79848704,26.00177000
4.79882038,32.70058000
4.79915372,50.79805000
4.79948707,63.41746000
4.79982041,66.17938000
4.80015376,85.66545000
4.80048710,89.40397000
4.80082044,75.67064000
4.80115379,84.24634000
4.80148713,71.23020000
4.80182048,79.42442000
4.80215382,76.15894000
4.80248716,67.03391000
4.80282051,44.70961000
4.80315385,37.27835000
4.80348720,28.58058000
4.80382054,10.37629000
4.80415388,-9.23184800
4.80448723,-12.63466000
4.80482057,-27.39036000
4.80515392,-31.14414000
4.80548726,-48.24976000
4.80582060,-57.25272000
4.80615395,-50.85909000
4.80648729,-49.27213000
4.80682064,-49.45524000
4.80715398,-33.15836000
4.80748732,-25.69658000
4.80782067,-11.18503000
4.80815401,-2.88399900
4.80848736,29.05362000
4.80882070,41.73406000
4.80915404,47.28843000
4.80948739,60.21301000
4.80982073,79.60753000
4.81015408,78.64619000
4.81048742,66.54561000
4.81082076,67.29331000
4.81115411,86.23004000
4.81148745,70.42146000
4.81182080,83.26974000
4.81215414,83.20871000
4.81248748,69.49065000
4.81282083,58.99228000
4.81315417,36.97317000
4.81348752,22.27851000
4.81382086,9.82696000
4.81415420,-2.33466600
4.81448755,-15.62548000
4.81482089,-21.75970000
4.81515424,-25.65080000
4.81548758,-31.93762000
4.81582093,-36.60695000
4.81615427,-20.23377000
4.81648761,-33.52458000
4.81682096,-26.59688000
4.81715430,-26.61214000
4.81748765,-9.41495900
4.81782099,4.10473900
4.81815433,21.19510000
4.81848768,34.74532000
4.81882102,43.91613000
4.81915437,53.68206000
4.81948771,58.48872000
4.81982105,57.49687000
4.82015440,84.50574000
4.82048774,81.74382000
4.82082109,71.23020000
4.82115443,89.69389000
4.82148777,79.71434000
4.82182112,81.40812000
4.82215446,85.89434000
4.82248781,63.61583000
4.82282115,50.72176000
4.82315449,39.96399000
4.82348784,19.47081000
4.82382118,1.22074000
4.82415453,-7.14133100
4.82448787,-22.94992000
4.82482121,-28.68740000
4.82515456,-40.68117000
4.82548790,-45.67095000
4.82582125,-49.83672000
4.82615459,-47.19687000
4.82648793,-55.92516000
4.82682128,-49.42472000
4.82715462,-33.67717000
4.82748797,-31.66295000
4.82782131,-21.98858000
4.82815465,-9.52177400
4.82848800,11.99377000
4.82882134,43.51939000
4.82915469,60.31983000
4.82948803,61.86102000
4.82982137,78.66145000
4.83015472,82.23212000
4.83048806,81.14871000
4.83082141,80.95035000
4.83115475,80.05005000
4.83148809,78.63094000
4.83182144,74.69405000
4.83215478,84.04797000
4.83248813,71.23020000
4.83282147,47.74620000
4.83315481,39.17051000
4.83348816,22.87362000
4.83382150,16.00696000
4.83415485,-2.91451700
4.83448819,-6.54622000
4.83482153,-19.24192000
4.83515488,-27.23777000
4.83548822,-39.33836000
4.83582157,-25.74236000
4.83615491,-23.30088000
4.83648825,-34.24176000
4.83682160,-39.59776000
4.83715494,-25.05569000
4.83748829,-18.21955000
4.83782163,-3.21970200
4.83815497,11.13926000
4.83848832,20.31007000
4.83882166,32.07495000
4.83915501,37.18680000
4.83948835,63.58531000
4.83982169,67.06442000
4.84015504,71.71850000
4.84048838,71.85583000
4.84082173,75.02975000
4.84115507,82.24738000
4.84148841,67.47642000
4.84182176,82.03374000
4.84215510,74.64827000
4.84248845,66.66768000
4.84282179,52.01880000
4.84315513,36.28650000
4.84348848,16.81570000
4.84382182,2.99081400
4.84415517,-15.67125000
4.84448851,-25.89495000
4.84482185,-29.55717000
4.84515520,-44.72487000
4.84548854,-41.21524000
4.84582189,-45.15213000
4.84615523,-68.88027000
4.84648857,-45.86932000
4.84682192,-57.54264000
4.84715526,-43.09213000
4.84748861,-40.45228000
4.84782195,-29.38932000
4.84815529,-20.72207000
4.84848864,-7.11081200
4.84882198,23.51451000
4.84915533,42.23761000
4.84948867,62.94442000
4.84982201,60.57924000
4.85015536,71.61168000
4.85048870,86.73360000
4.85082205,83.43760000
4.85115539,70.94028000
4.85148873,90.92989000
4.85182208,77.76115000
4.85215542,79.56175000
4.85248877,67.14072000
4.85282211,52.04931000
4.85315545,37.17154000
4.85348880,27.68029000
4.85382214,5.00503500
4.85415549,-4.33362800
4.85448883,-16.61733000
4.85482217,-25.37614000
4.85515552,-31.57140000
4.85548886,-30.61006000
4.85582221,-37.79717000
4.85615555,-30.10651000
4.85648889,-27.81762000
4.85682224,-26.45955000
4.85715558,-45.19791000
4.85748893,-32.57851000
4.85782227,-19.15036000
4.85815561,6.22577600
4.85848896,22.59896000
4.85882230,28.00073000
4.85915565,45.77776000
4.85948899,63.78368000
4.85982233,68.26991000
4.86015568,76.02160000
4.86048902,71.81005000
4.86082237,76.55568000
4.86115571,73.85478000
4.86148905,84.68886000
4.86182240,76.66249000
4.86215574,71.35227000
4.86248909,70.42146000
4.86282243,62.51716000
4.86315577,42.10028000
4.86348912,17.99066000
4.86382246,3.76903600
4.86415581,-6.59199800
4.86448915,-18.53999000
4.86482249,-20.53895000
4.86515584,-30.97629000
4.86548918,-33.76873000
4.86582253,-51.83569000
4.86615587,-49.22635000
4.86648921,-52.26294000
4.86682256,-44.96902000
4.86715590,-59.09909000
4.86748925,-44.96902000
4.86782259,-37.35465000
4.86815593,-23.85021000
4.86848928,-2.33466600
4.86882262,23.14829000
4.86915597,34.30280000
4.86948931,50.81331000
4.86982265,57.43583000
4.87015600,69.96368000
4.87048934,77.86797000
4.87082269,85.10086000
4.87115603,78.05109000
4.87148937,84.39893000
4.87182272,92.98989000
4.87215606,65.44694000
4.87248941,65.69109000
4.87282275,51.89672000
4.87315609,43.80932000
4.87348944,18.89096000
4.87382278,9.50651600
4.87415613,-4.91348000
4.87448947,-7.69066400
4.87482281,-13.39762000
4.87515616,-22.53792000
4.87548950,-30.27436000
4.87582285,-41.84087000
4.87615619,-16.95303000
4.87648954,-41.35258000
4.87682288,-23.17881000
4.87715622,-27.93969000
4.87748957,-24.41481000
4.87782291,-10.94088000
4.87815626,0.04577776
4.87848960,13.94696000
4.87882294,25.89495000
4.87915629,38.25495000
4.87948963,40.95584000
4.87982298,58.82442000
4.88015632,70.39094000
4.88048966,84.68886000
4.88082301,68.84975000
4.88115635,96.04174000
4.88148970,71.82531000
4.88182304,85.95538000
4.88215638,74.44990000
4.88248973,66.11835000
4.88282307,66.60664000
4.88315642,45.19791000
4.88348976,28.32117000
4.88382310,12.75674000
4.88415645,0.86977740
4.88448979,-22.17170000
4.88482314,-38.43806000
4.88515648,-31.67821000
4.88548982,-33.93658000
4.88582317,-36.77480000
4.88615651,-45.65569000
4.88648986,-53.59050000
4.88682320,-62.01361000
4.88715654,-30.53377000
4.88748989,-19.19614000
4.88782323,-32.22754000
4.88815658,-26.35273000
4.88848992,-13.51970000
4.88882326,11.58177000
4.88915661,35.17258000
4.88948995,48.23450000
4.88982330,68.05627000
4.89015664,79.77538000
4.89048998,92.71523000
4.89082333,77.15079000
4.89115667,76.75404000
4.89149002,77.18130000
4.89182336,75.18234000
4.89215670,80.46205000
4.89249005,74.78560000
4.89282339,62.74605000
4.89315674,53.48368000
4.89349008,32.27332000
4.89382342,4.86770200
4.89415677,0.70192570
4.89449011,-15.96118000
4.89482346,-15.10666000
4.89515680,-32.16651000
4.89549014,-38.07184000
4.89582349,-35.01999000
4.89615683,-28.50429000
4.89649018,-29.09940000
4.89682352,-29.52666000
4.89715686,-20.00488000
4.89749021,-32.62428000
4.89782355,-17.33451000
4.89815690,-1.57170300
4.89849024,19.33348000
4.89882358,27.87866000
4.89915693,41.74932000
4.89949027,53.45317000
4.89982362,60.10620000
4.90015696,77.53227000
4.90049030,66.59138000
4.90082365,74.64827000
4.90115699,80.61464000
4.90149034,85.60442000
4.90182368,75.73167000
4.90215702,66.94234000
4.90249037,61.93731000
4.90282371,54.33820000
4.90315706,39.71984000
4.90349040,23.28562000
4.90382374,5.38651700
4.90415709,-12.46681000
4.90449043,-13.09244000
4.90482378,-27.58873000
4.90515712,-32.85317000
4.90549046,-26.55110000
4.90582381,-48.95169000
4.90615715,-47.28843000
4.90649050,-42.03924000
4.90682384,-59.48057000
4.90715718,-29.49614000
4.90749053,-21.22562000
4.90782387,-32.44117000
4.90815722,-24.01807000
4.90849056,-3.60118400
4.90882390,13.06192000
4.90915725,25.48295000
4.90949059,47.12057000
4.90982394,61.96783000
4.91015728,81.71330000
4.91049062,83.89538000
4.91082397,71.71850000
4.91115731,84.56678000
4.91149066,83.42234000
4.91182400,74.52619000
4.91215734,87.25241000
4.91249069,83.69701000
4.91282403,70.34516000
4.91315738,49.54680000
4.91349072,34.07391000
4.91382406,16.49525000
4.91415741,-1.81585100
4.91449075,-12.92459000
4.91482410,-19.24192000
4.91515744,-26.15436000
4.91549078,-37.67510000
4.91582413,-30.88473000
4.91615747,-27.08518000
4.91649082,-36.22547000
4.91682416,-24.94888000
4.91715750,-33.52458000
4.91749085,-34.02814000
4.91782419,-9.41495900
4.91815754,-1.20548100
4.91849088,17.59392000
4.91882422,33.15836000
4.91915757,59.02280000
4.91949091,70.10101000
4.91982426,78.34101000
4.92015760,66.71346000
4.92049094,66.10309000
4.92082429,86.15375000
4.92115763,69.24650000
4.92149098,75.73167000
4.92182432,84.20056000
4.92215766,66.59138000
4.92249101,61.15909000
4.92282435,57.58842000
4.92315770,45.86932000
4.92349104,20.81362000
4.92382438,10.78829000
4.92415773,0.56459240
4.92449107,-11.35289000
4.92482442,-25.97125000
4.92515776,-23.04147000
4.92549110,-30.27436000
4.92582445,-45.54887000
4.92615779,-51.83569000
4.92649114,-45.65569000
4.92682448,-43.71776000
4.92715782,-41.93243000
4.92749117,-26.06281000
4.92782451,-25.52873000
4.92815786,-20.63051000
4.92849120,-5.41703500
4.92882454,16.72414000
4.92915789,34.34858000
4.92949123,43.30576000
4.92982458,49.28739000
4.93015792,73.51908000
4.93049126,85.08559000
4.93082461,83.36130000
4.93115795,84.91775000
4.93149130,86.47419000
4.93182464,79.28709000
4.93215798,80.06531000
4.93249133,74.86190000
4.93282467,55.08591000
4.93315802,39.56725000
4.93349136,24.46058000
4.93382470,17.02933000
4.93415805,4.54725700
4.93449139,-4.01318400
4.93482474,-12.90933000
4.93515808,-23.07199000
4.93549142,-26.49006000
4.93582477,-29.09940000
4.93615811,-33.05154000
4.93649146,-13.36711000
4.93682480,-33.21939000
4.93715814,-22.96518000
4.93749149,-20.21851000
4.93782483,-20.82888000
4.93815818,-9.70488500
4.93849152,2.73140600
4.93882487,19.40977000
4.93915821,38.08710000
4.93949155,43.12265000
4.93982490,57.14590000
4.94015824,73.62590000
4.94049159,84.70412000
4.94082493,82.73567000
4.94115827,81.48442000
4.94149162,76.84560000
4.94182496,95.95019000
4.94215831,87.17612000
4.94249165,74.87716000
4.94282499,63.57005000
4.94315834,50.50813000
4.94349168,39.84191000
4.94382503,20.98147000
4.94415837,1.49540700
4.94449171,-6.04266500
4.94482506,-20.72207000
4.94515840,-23.49925000
4.94549175,-25.42192000
4.94582509,-35.29465000
4.94615843,-58.91598000
4.94649178,-48.64650000
4.94682512,-50.01984000
4.94715847,-39.35361000
4.94749181,-45.99139000
4.94782515,-35.59984000
4.94815850,-36.08813000
4.94849184,-7.24814600
4.94882519,16.35792000
4.94915853,37.79717000
4.94949187,61.35746000
4.94982522,74.54145000
4.95015856,83.68175000
4.95049191,77.48649000
4.95082525,85.14664000
4.95115859,75.97582000
4.95149194,73.45805000
4.95182528,81.54546000
4.95215863,88.74783000
4.95249197,79.25657000
4.95282531,72.23730000
4.95315866,57.43583000
4.95349200,44.31287000
4.95382535,30.74740000
4.95415869,5.34073900
4.95449203,-7.09555300
4.95482538,-14.95407000
4.95515872,-24.21644000
4.95549207,-23.94177000
4.95582541,-34.33332000
4.95615875,-25.63555000
4.95649210,-36.80532000
4.95682544,-25.89495000
4.95715879,-18.98251000
4.95749213,-29.81658000
4.95782547,-18.52473000
4.95815882,-6.56147900
4.95849216,4.80666500
4.95882551,24.15540000
4.95915885,41.97821000
4.95949219,60.15198000
4.95982554,68.49879000
4.96015888,82.21686000
4.96049223,84.79567000
4.96082557,79.25657000
4.96115891,93.96648000
4.96149226,72.77138000
4.96182560,87.83227000
4.96215895,84.10900000
4.96249229,72.32886000
4.96282563,65.63005000
4.96315898,44.93850000
4.96349232,31.41880000
4.96382567,8.62147800
4.96415901,1.46488800
4.96449235,-5.31022000
4.96482570,-23.17881000
4.96515904,-23.59081000
4.96549239,-25.11673000
4.96582573,-39.38414000
4.96615907,-48.05139000
4.96649242,-41.23050000
4.96682576,-57.46635000
4.96715911,-49.22635000
4.96749245,-34.91317000
4.96782579,-26.26118000
4.96815914,-30.68636000
4.96849248,-20.43214000
4.96882583,5.99688700
4.96915917,42.57332000
4.96949251,40.11658000
4.96982586,45.76250000
4.97015920,51.86620000
4.97049255,71.77953000
4.97082589,83.04086000
4.97115923,65.90472000
4.97149258,84.06322000
4.97182592,75.91479000
4.97215927,73.04604000
4.97249261,73.54960000
4.97282595,71.04709000
4.97315930,53.55998000
4.97349264,37.53777000
4.97382599,13.94696000
4.97415933,10.74251000
4.97449267,-1.32755500
4.97482602,-18.63155000
4.97515936,-30.53377000
4.97549271,-35.70665000
4.97582605,-32.04443000
4.97615939,-24.18592000
4.97649274,-31.03732000
4.97682608,-15.56444000
4.97715943,-29.57243000
4.97749277,-33.73821000
4.97782611,-21.56133000
4.97815946,6.13422000
4.97849280,23.36192000
4.97882615,23.33140000
4.97915949,44.48072000
4.97949283,63.32590000
4.97982618,75.86901000
4.98015952,84.65834000
4.98049287,77.86797000
4.98082621,72.49671000
4.98115955,91.60130000
4.98149290,64.19568000
4.98182624,87.37449000
4.98215959,77.86797000
4.98249293,70.48250000
4.98282627,60.18250000
4.98315962,46.63228000
4.98349296,33.55510000
4.98382631,20.66103000
4.98415965,7.47703500
4.98449299,-12.61940000
4.98482634,-17.38029000
4.98515968,-25.17777000
4.98549303,-30.97629000
4.98582637,-30.54902000
4.98615971,-60.89968000
4.98649306,-43.77880000
4.98682640,-50.20295000
4.98715975,-49.50102000
4.98749309,-41.01687000
4.98782643,-44.52650000
4.98815978,-29.87762000
4.98849312,-18.60103000
4.98882647,8.57570100
4.98915981,23.77392000
4.98949315,32.51747000
4.98982650,50.14191000
4.99015984,65.32487000
4.99049319,76.70827000
4.99082653,74.89242000
4.99115987,80.03479000
4.99149322,79.63805000
4.99182656,81.69804000
4.99215991,73.39701000
4.99249325,69.15494000
4.99282659,66.74397000
4.99315994,54.53658000
4.99349328,40.10132000
4.99382663,18.49422000
4.99415997,7.21762700
4.99449331,-6.86666400
4.99482666,-26.65792000
4.99516000,-23.97229000
4.99549335,-31.73925000
4.99582669,-38.66695000
4.99616003,-24.04858000
4.99649338,-32.31910000
4.99682672,-25.89495000
4.99716007,-37.03421000
4.99749341,-15.77807000
4.99782675,-1.72429600
4.99816010,11.26133000
4.99849344,8.13318200
4.99882679,25.33036000
4.99916013,47.15109000
4.99949348,69.41434000
4.99982682,81.16397000
5.00016016,78.92086000
5.00049351,77.53227000
5.00082685,89.35819000
5.00116020,86.71834000
